<?xml version="1.0" encoding="utf-8"?>
<COLLADA xmlns="http://www.collada.org/2005/11/COLLADASchema" version="1.4.1">
  <asset><contributor><author>Mixamo</author><authoring_tool>COLLADA Mixamo exporter</authoring_tool><comments></comments></contributor><created>2018-12-18T15:57:44Z</created><modified>2018-12-18T15:57:44Z</modified><revision></revision><title></title><unit meter="0.010000"/><up_axis>Y_UP</up_axis></asset>
  <library_animations>
    <animation id="Hips-anim" name="Hips"><source id="Hips-Matrix-animation-input"><float_array id="Hips-Matrix-animation-input-array" count="51">

0.000000 0.033333 0.066667 0.100000 0.133333 0.166667 0.200000 0.233333 0.266667 0.300000 0.333333 0.366667 0.400000 0.433333 0.466667 0.500000
0.533333 0.566667 0.600000 0.633333 0.666667 0.700000 0.733333 0.766667 0.800000 0.833333 0.866667 0.900000 0.933333 0.966667 1.000000 1.033333
1.066667 1.100000 1.133333 1.166667 1.200000 1.233333 1.266667 1.300000 1.333333 1.366667 1.400000 1.433333 1.466667 1.500000 1.533333 1.566667
1.600000 1.633333 1.666667</float_array><technique_common><accessor source="#Hips-Matrix-animation-input-array" count="51"><param name="TIME" type="float"/></accessor></technique_common></source><source id="Hips-Matrix-animation-output-transform"><float_array id="Hips-Matrix-animation-output-transform-array" count="816">

0.582127 -0.121429 -0.803979 0.000072 -0.014041 0.987137 -0.159259 80.553772 0.812976 0.103998 0.572935 0.000040 0.000000 0.000000 0.000000 1.000000
0.596188 -0.118890 -0.793993 0.236488 -0.016510 0.986950 -0.160180 80.187271 0.802675 0.108607 0.586445 0.796340 0.000000 0.000000 0.000000 1.000000
0.622038 -0.115223 -0.774463 0.523246 -0.025264 0.985644 -0.166934 79.830521 0.782580 0.123405 0.610197 1.712882 0.000000 0.000000 0.000000 1.000000
0.665235 -0.110440 -0.738421 0.880143 -0.025568 0.985050 -0.170360 79.616585 0.746196 0.132209 0.652466 3.138434 0.000000 0.000000 0.000000 1.000000
0.715036 -0.103717 -0.691351 1.287517 -0.021037 0.985293 -0.169572 79.496651 0.698771 0.135795 0.702338 4.832520 0.000000 0.000000 0.000000 1.000000
0.765027 -0.096188 -0.636775 1.717730 -0.014567 0.985945 -0.166433 79.421478 0.643834 0.136601 0.752873 6.638597 0.000000 0.000000 0.000000 1.000000
0.812944 -0.088282 -0.575612 2.162112 -0.007011 0.986887 -0.161260 79.381058 0.582300 0.135131 0.801664 8.511755 0.000000 0.000000 0.000000 1.000000
0.861245 -0.079759 -0.501892 2.638729 0.003865 0.988606 -0.150475 79.452400 0.508175 0.127656 0.851741 10.574034 0.000000 0.000000 0.000000 1.000000
0.921764 -0.070518 -0.381286 3.241594 0.028551 0.992998 -0.114631 80.022583 0.386699 0.094777 0.917323 13.489227 0.000000 0.000000 0.000000 1.000000
0.970168 -0.082395 -0.228001 3.617992 0.064624 0.994338 -0.084355 80.870209 0.233661 0.067104 0.970000 16.333281 0.000000 0.000000 0.000000 1.000000
0.994141 -0.081662 -0.070818 3.379842 0.075738 0.993697 -0.082649 81.603394 0.077121 0.076801 0.994059 18.654602 0.000000 0.000000 0.000000 1.000000
0.994048 -0.054471 0.094352 2.992895 0.064574 0.992099 -0.107565 82.236481 -0.087747 0.113017 0.989711 20.824648 0.000000 0.000000 0.000000 1.000000
0.967920 -0.024558 0.250055 2.636310 0.057103 0.990670 -0.123740 82.515762 -0.244683 0.134049 0.960292 23.630484 0.000000 0.000000 0.000000 1.000000
0.931752 0.010579 0.362942 2.044597 0.037281 0.991505 -0.124608 82.276901 -0.361177 0.129634 0.923442 26.745173 0.000000 0.000000 0.000000 1.000000
0.882784 0.042330 0.467869 1.154186 0.021061 0.991365 -0.129431 81.943306 -0.469307 0.124113 0.874269 29.889576 0.000000 0.000000 0.000000 1.000000
0.805909 0.073252 0.587490 -0.151551 0.016710 0.989106 -0.146251 81.536804 -0.591803 0.127682 0.795906 33.079803 0.000000 0.000000 0.000000 1.000000
0.699227 0.100315 0.707827 -1.483381 0.028902 0.985330 -0.168195 81.105080 -0.714315 0.138064 0.686070 35.953651 0.000000 0.000000 0.000000 1.000000
0.609251 0.123564 0.783291 -3.121633 0.050924 0.979649 -0.194149 80.783699 -0.791341 0.158173 0.590560 38.603931 0.000000 0.000000 0.000000 1.000000
0.599340 0.133441 0.789294 -5.077047 0.047920 0.978259 -0.201776 80.932846 -0.799059 0.158755 0.579915 40.764889 0.000000 0.000000 0.000000 1.000000
0.648077 0.139150 0.748754 -7.020050 0.005899 0.982219 -0.187644 81.655853 -0.761552 0.126025 0.635733 42.478477 0.000000 0.000000 0.000000 1.000000
0.766216 0.145544 0.625883 -8.698495 -0.078986 0.987958 -0.133045 83.393036 -0.637710 0.052506 0.768485 44.223888 0.000000 0.000000 0.000000 1.000000
0.868317 0.162397 0.468671 -10.132686 -0.155418 0.986380 -0.053840 85.266045 -0.471032 -0.026090 0.881730 45.852512 0.000000 0.000000 0.000000 1.000000
0.926112 0.172287 0.335609 -10.997059 -0.191840 0.981089 0.025736 86.685471 -0.324828 -0.088217 0.941650 46.810394 0.000000 0.000000 0.000000 1.000000
0.948647 0.172935 0.264882 -11.336055 -0.195342 0.978866 0.060517 87.469131 -0.248819 -0.109151 0.962380 47.092682 0.000000 0.000000 0.000000 1.000000
0.962430 0.172550 0.209655 -11.562403 -0.192783 0.977967 0.080091 88.109741 -0.191216 -0.117500 0.974490 47.234051 0.000000 0.000000 0.000000 1.000000
0.972466 0.171978 0.157267 -11.749922 -0.188319 0.977444 0.095602 88.718628 -0.137278 -0.122586 0.982918 47.317299 0.000000 0.000000 0.000000 1.000000
0.978206 0.168246 0.121682 -11.777097 -0.179982 0.979277 0.092862 89.180550 -0.103537 -0.112739 0.988216 47.155693 0.000000 0.000000 0.000000 1.000000
0.982398 0.162323 0.092440 -11.655426 -0.169729 0.982334 0.078812 89.574982 -0.078014 -0.093114 0.992594 46.734322 0.000000 0.000000 0.000000 1.000000
0.986250 0.155642 0.055560 -11.356388 -0.158921 0.985436 0.060494 90.000671 -0.045335 -0.068492 0.996621 45.956673 0.000000 0.000000 0.000000 1.000000
0.988896 0.147733 0.016111 -10.979033 -0.148264 0.988166 0.039316 90.431091 -0.010112 -0.041268 0.999097 45.014065 0.000000 0.000000 0.000000 1.000000
0.989535 0.139432 -0.037150 -10.488426 -0.138759 0.990122 0.020122 90.945450 0.039589 -0.014756 0.999107 43.803112 0.000000 0.000000 0.000000 1.000000
0.979260 0.130963 -0.154591 -9.459547 -0.130255 0.991371 0.014743 91.775978 0.155187 0.005699 0.987869 41.409405 0.000000 0.000000 0.000000 1.000000
0.947437 0.112152 -0.299640 -7.930256 -0.112114 0.993543 0.017378 92.261742 0.299655 0.017129 0.953894 38.200920 0.000000 0.000000 0.000000 1.000000
0.907338 0.087244 -0.411249 -6.487486 -0.090003 0.995861 0.012691 91.927094 0.410654 0.025499 0.911435 35.138123 0.000000 0.000000 0.000000 1.000000
0.868609 0.063602 -0.491399 -5.293741 -0.072662 0.997356 0.000649 90.990875 0.490141 0.035142 0.870934 32.157059 0.000000 0.000000 0.000000 1.000000
0.825047 0.039505 -0.563682 -4.139639 -0.057041 0.998280 -0.013526 89.965012 0.562178 0.043313 0.825881 29.168894 0.000000 0.000000 0.000000 1.000000
0.778028 0.015183 -0.628046 -3.027121 -0.043273 0.998629 -0.029465 88.860527 0.626738 0.050102 0.777618 26.144224 0.000000 0.000000 0.000000 1.000000
0.735425 -0.008419 -0.677553 -2.047480 -0.032674 0.998319 -0.047870 87.523071 0.676817 0.057343 0.733914 23.011196 0.000000 0.000000 0.000000 1.000000
0.710748 -0.029835 -0.702814 -1.367709 -0.027132 0.997194 -0.069769 85.700340 0.702923 0.068657 0.707944 19.610592 0.000000 0.000000 0.000000 1.000000
0.697793 -0.049668 -0.714576 -0.953106 -0.025438 0.995246 -0.094017 83.493721 0.715848 0.083781 0.693212 15.952543 0.000000 0.000000 0.000000 1.000000
0.675264 -0.070327 -0.734215 -0.653773 -0.025718 0.992594 -0.118729 81.314468 0.737127 0.099056 0.668454 12.145420 0.000000 0.000000 0.000000 1.000000
0.634589 -0.089737 -0.767622 -0.653361 -0.028265 0.989877 -0.139086 79.827263 0.772332 0.109959 0.625629 8.618524 0.000000 0.000000 0.000000 1.000000
0.612825 -0.101759 -0.783640 -0.585730 -0.024475 0.988754 -0.147533 79.263206 0.789840 0.109591 0.603442 6.566882 0.000000 0.000000 0.000000 1.000000
0.596739 -0.111341 -0.794673 -0.499006 -0.018958 0.988094 -0.152677 78.969925 0.802211 0.106174 0.587524 4.950117 0.000000 0.000000 0.000000 1.000000
0.583714 -0.119522 -0.803114 -0.402601 -0.012602 0.987654 -0.156145 78.819878 0.811862 0.101264 0.575001 3.564646 0.000000 0.000000 0.000000 1.000000
0.572090 -0.126645 -0.810354 -0.309498 -0.007077 0.987208 -0.159281 78.721977 0.820160 0.096858 0.563875 2.272335 0.000000 0.000000 0.000000 1.000000
0.565557 -0.131156 -0.814213 -0.214637 -0.001972 0.987055 -0.160367 78.821625 0.824707 0.092302 0.557978 1.313171 0.000000 0.000000 0.000000 1.000000
0.564988 -0.131695 -0.814522 -0.142861 -0.001021 0.987068 -0.160301 79.101295 0.825099 0.091399 0.557547 0.687405 0.000000 0.000000 0.000000 1.000000
0.568109 -0.129798 -0.812653 -0.087116 -0.003164 0.987132 -0.159878 79.492844 0.822947 0.093399 0.560387 0.276669 0.000000 0.000000 0.000000 1.000000
0.574715 -0.125887 -0.808613 -0.042304 -0.008237 0.987158 -0.159537 80.008034 0.818313 0.098349 0.566297 0.108292 0.000000 0.000000 0.000000 1.000000
0.582127 -0.121429 -0.803979 0.000074 -0.014041 0.987137 -0.159259 80.553772 0.812976 0.103998 0.572935 0.000045 0.000000 0.000000 0.000000 1.000000</float_array><technique_common><accessor source="#Hips-Matrix-animation-output-transform-array" count="51" stride="16"><param type="float4x4"/></accessor></technique_common></source><source id="Hips-Interpolations"><Name_array id="Hips-Interpolations-array" count="51">
 LINEAR LINEAR LINEAR LINEAR LINEAR LINEAR LINEAR LINEAR LINEAR LINEAR LINEAR
LINEAR LINEAR LINEAR LINEAR LINEAR LINEAR LINEAR LINEAR LINEAR LINEAR LINEAR LINEAR
LINEAR LINEAR LINEAR LINEAR LINEAR LINEAR LINEAR LINEAR LINEAR LINEAR LINEAR LINEAR
LINEAR LINEAR LINEAR LINEAR LINEAR LINEAR LINEAR LINEAR LINEAR LINEAR LINEAR LINEAR
LINEAR LINEAR LINEAR LINEAR</Name_array><technique_common><accessor source="#Hips-Interpolations-array" count="51"><param type="name"/></accessor></technique_common></source><sampler id="Hips-Matrix-animation-transform"><input semantic="INPUT" source="#Hips-Matrix-animation-input"/><input semantic="OUTPUT" source="#Hips-Matrix-animation-output-transform"/><input semantic="INTERPOLATION" source="#Hips-Interpolations"/></sampler><channel source="#Hips-Matrix-animation-transform" target="Hips/matrix"/></animation>
    <animation id="Spine-anim" name="Spine"><source id="Spine-Matrix-animation-input"><float_array id="Spine-Matrix-animation-input-array" count="51">

0.000000 0.033333 0.066667 0.100000 0.133333 0.166667 0.200000 0.233333 0.266667 0.300000 0.333333 0.366667 0.400000 0.433333 0.466667 0.500000
0.533333 0.566667 0.600000 0.633333 0.666667 0.700000 0.733333 0.766667 0.800000 0.833333 0.866667 0.900000 0.933333 0.966667 1.000000 1.033333
1.066667 1.100000 1.133333 1.166667 1.200000 1.233333 1.266667 1.300000 1.333333 1.366667 1.400000 1.433333 1.466667 1.500000 1.533333 1.566667
1.600000 1.633333 1.666667</float_array><technique_common><accessor source="#Spine-Matrix-animation-input-array" count="51"><param name="TIME" type="float"/></accessor></technique_common></source><source id="Spine-Matrix-animation-output-transform"><float_array id="Spine-Matrix-animation-output-transform-array" count="816">

0.996569 0.054883 0.061948 0.017300 -0.046550 0.990584 -0.128751 10.574800 -0.068431 0.125426 0.989740 -1.117200 0.000000 0.000000 0.000000 1.000000
0.998078 0.039173 0.048013 0.017300 -0.032519 0.990678 -0.132289 10.574800 -0.052748 0.130473 0.990048 -1.117200 0.000000 0.000000 0.000000 1.000000
0.999182 0.015629 0.037291 0.017300 -0.010557 0.991125 -0.132516 10.574800 -0.039031 0.132014 0.990479 -1.117200 0.000000 0.000000 0.000000 1.000000
0.999119 0.003560 0.041805 0.017300 0.002018 0.991164 -0.132629 10.574800 -0.041908 0.132596 0.990284 -1.117200 0.000000 0.000000 0.000000 1.000000
0.998638 -0.003019 0.052085 0.017300 0.010043 0.990778 -0.135125 10.574800 -0.051197 0.135464 0.989459 -1.117200 0.000000 0.000000 0.000000 1.000000
0.997921 -0.007410 0.064018 0.017300 0.016266 0.990166 -0.138950 10.574800 -0.062359 0.139703 0.988228 -1.117200 0.000000 0.000000 0.000000 1.000000
0.997084 -0.010739 0.075558 0.017300 0.021588 0.989303 -0.144266 10.574800 -0.073200 0.145476 0.986650 -1.117200 0.000000 0.000000 0.000000 1.000000
0.996560 -0.012084 0.081989 0.017300 0.024798 0.987464 -0.155883 10.574800 -0.079078 0.157379 0.984367 -1.117200 0.000000 0.000000 0.000000 1.000000
0.997937 -0.005018 0.064012 0.017300 0.017534 0.980345 -0.196510 10.574800 -0.061768 0.197227 0.978410 -1.117200 0.000000 0.000000 0.000000 1.000000
0.999302 0.020126 0.031457 0.017300 -0.011700 0.968670 -0.248074 10.574800 -0.035465 0.247533 0.968230 -1.117200 0.000000 0.000000 0.000000 1.000000
0.999509 0.029690 -0.009967 0.017300 -0.031287 0.960854 -0.275283 10.574800 0.001404 0.275459 0.961312 -1.117200 0.000000 0.000000 0.000000 1.000000
0.998781 0.010109 -0.048311 0.017300 -0.023040 0.961102 -0.275231 10.574800 0.043650 0.276008 0.960164 -1.117200 0.000000 0.000000 0.000000 1.000000
0.998990 -0.003896 -0.044774 0.017300 -0.008145 0.964045 -0.265613 10.574800 0.044199 0.265709 0.963039 -1.117200 0.000000 0.000000 0.000000 1.000000
0.999791 -0.011748 0.016713 0.017300 0.015711 0.965083 -0.261471 10.574800 -0.013058 0.261679 0.965067 -1.117200 0.000000 0.000000 0.000000 1.000000
0.996436 -0.005655 0.084159 0.017300 0.026925 0.966878 -0.253817 10.574800 -0.079936 0.255178 0.963584 -1.117200 0.000000 0.000000 0.000000 1.000000
0.990323 0.008923 0.138491 0.017300 0.024648 0.970756 -0.238798 10.574800 -0.136572 0.239901 0.961143 -1.117200 0.000000 0.000000 0.000000 1.000000
0.978038 0.033986 0.205638 0.017300 0.013527 0.974186 -0.225340 10.574800 -0.207989 0.223173 0.952331 -1.117200 0.000000 0.000000 0.000000 1.000000
0.950475 0.093467 0.296414 0.017300 -0.027591 0.975319 -0.219070 10.574800 -0.309574 0.200042 0.929595 -1.117200 0.000000 0.000000 0.000000 1.000000
0.918957 0.153415 0.363294 0.017300 -0.067906 0.969026 -0.237439 10.574800 -0.388468 0.193526 0.900911 -1.117200 0.000000 0.000000 0.000000 1.000000
0.917954 0.165925 0.360317 0.017300 -0.076452 0.965290 -0.249742 10.574800 -0.389249 0.201704 0.898777 -1.117200 0.000000 0.000000 0.000000 1.000000
0.924253 0.163010 0.345231 0.017300 -0.072086 0.962512 -0.261486 10.574800 -0.374914 0.216793 0.901355 -1.117200 0.000000 0.000000 0.000000 1.000000
0.932462 0.155528 0.326077 0.017300 -0.064403 0.959693 -0.273572 10.574800 -0.355482 0.234095 0.904893 -1.117200 0.000000 0.000000 0.000000 1.000000
0.946029 0.139228 0.292651 0.017300 -0.052529 0.956950 -0.285461 10.574800 -0.319796 0.254682 0.912616 -1.117200 0.000000 0.000000 0.000000 1.000000
0.960779 0.124047 0.248023 0.017300 -0.050281 0.957475 -0.284102 10.574800 -0.272718 0.260488 0.926159 -1.117200 0.000000 0.000000 0.000000 1.000000
0.973284 0.110660 0.201180 0.017300 -0.051678 0.959292 -0.277647 10.574800 -0.223715 0.259833 0.939382 -1.117200 0.000000 0.000000 0.000000 1.000000
0.983280 0.097578 0.153749 0.017300 -0.053160 0.961350 -0.270149 10.574800 -0.174167 0.257459 0.950464 -1.117200 0.000000 0.000000 0.000000 1.000000
0.990657 0.086260 0.105627 0.017300 -0.056680 0.964909 -0.256395 10.574800 -0.124037 0.248013 0.960783 -1.117200 0.000000 0.000000 0.000000 1.000000
0.995391 0.075470 0.059167 0.017300 -0.059240 0.969090 -0.239490 10.574800 -0.075413 0.234881 0.969094 -1.117200 0.000000 0.000000 0.000000 1.000000
0.997812 0.063530 0.018324 0.017300 -0.057837 0.972928 -0.223755 10.574800 -0.032043 0.222206 0.974473 -1.117200 0.000000 0.000000 0.000000 1.000000
0.998488 0.051162 -0.020104 0.017300 -0.054235 0.976501 -0.208575 10.574800 0.008960 0.209350 0.977800 -1.117200 0.000000 0.000000 0.000000 1.000000
0.997923 0.037012 -0.052721 0.017300 -0.046751 0.979188 -0.197498 10.574800 0.044314 0.199552 0.978885 -1.117200 0.000000 0.000000 0.000000 1.000000
0.998174 0.017383 -0.057845 0.017300 -0.028912 0.978355 -0.204905 10.574800 0.053032 0.206203 0.977071 -1.117200 0.000000 0.000000 0.000000 1.000000
0.999147 0.007979 -0.040512 0.017300 -0.016841 0.974585 -0.223384 10.574800 0.037700 0.223876 0.973888 -1.117200 0.000000 0.000000 0.000000 1.000000
0.999681 0.008055 -0.023927 0.017300 -0.013366 0.972888 -0.230892 10.574800 0.021418 0.231138 0.972685 -1.117200 0.000000 0.000000 0.000000 1.000000
0.999887 0.007694 -0.012896 0.017300 -0.010422 0.973821 -0.227079 10.574800 0.010811 0.227187 0.973791 -1.117200 0.000000 0.000000 0.000000 1.000000
0.999970 0.007313 -0.002702 0.017300 -0.007730 0.975064 -0.221790 10.574800 0.001012 0.221805 0.975091 -1.117200 0.000000 0.000000 0.000000 1.000000
0.999953 0.007123 0.006577 0.017300 -0.005534 0.976352 -0.216114 10.574800 -0.007961 0.216067 0.976346 -1.117200 0.000000 0.000000 0.000000 1.000000
0.999888 0.007727 0.012809 0.017300 -0.004860 0.977612 -0.210360 10.574800 -0.014148 0.210274 0.977540 -1.117200 0.000000 0.000000 0.000000 1.000000
0.999866 0.010524 0.012577 0.017300 -0.007707 0.978515 -0.206032 10.574800 -0.014475 0.205908 0.978464 -1.117200 0.000000 0.000000 0.000000 1.000000
0.999834 0.015888 0.008869 0.017300 -0.013763 0.979188 -0.202488 10.574800 -0.011902 0.202332 0.979245 -1.117200 0.000000 0.000000 0.000000 1.000000
0.999691 0.023580 0.007867 0.017300 -0.021565 0.980089 -0.197382 10.574800 -0.012365 0.197152 0.980295 -1.117200 0.000000 0.000000 0.000000 1.000000
0.999289 0.035263 0.013368 0.017300 -0.032100 0.981403 -0.189254 10.574800 -0.019793 0.188690 0.981837 -1.117200 0.000000 0.000000 0.000000 1.000000
0.998934 0.041553 0.020083 0.017300 -0.037197 0.982479 -0.182625 10.574800 -0.027319 0.181683 0.982978 -1.117200 0.000000 0.000000 0.000000 1.000000
0.998563 0.046247 0.027064 0.017300 -0.040766 0.983471 -0.176418 10.574800 -0.034775 0.175061 0.983943 -1.117200 0.000000 0.000000 0.000000 1.000000
0.998161 0.050089 0.034143 0.017300 -0.043569 0.984407 -0.170425 10.574800 -0.042147 0.168624 0.984779 -1.117200 0.000000 0.000000 0.000000 1.000000
0.997729 0.053551 0.040851 0.017300 -0.046156 0.985322 -0.164347 10.574800 -0.049052 0.162089 0.985556 -1.117200 0.000000 0.000000 0.000000 1.000000
0.997335 0.055739 0.047082 0.017300 -0.047649 0.986250 -0.158239 10.574800 -0.055255 0.155574 0.986278 -1.117200 0.000000 0.000000 0.000000 1.000000
0.997070 0.056542 0.051515 0.017300 -0.048161 0.987287 -0.151473 10.574800 -0.059425 0.148548 0.987118 -1.117200 0.000000 0.000000 0.000000 1.000000
0.996883 0.056530 0.055032 0.017300 -0.048086 0.988376 -0.144221 10.574800 -0.062545 0.141126 0.988014 -1.117200 0.000000 0.000000 0.000000 1.000000
0.996727 0.055796 0.058496 0.017300 -0.047378 0.989500 -0.136545 10.574800 -0.065500 0.133327 0.988905 -1.117200 0.000000 0.000000 0.000000 1.000000
0.996569 0.054883 0.061948 0.017300 -0.046550 0.990584 -0.128751 10.574800 -0.068431 0.125426 0.989740 -1.117200 0.000000 0.000000 0.000000 1.000000</float_array><technique_common><accessor source="#Spine-Matrix-animation-output-transform-array" count="51" stride="16"><param type="float4x4"/></accessor></technique_common></source><source id="Spine-Interpolations"><Name_array id="Spine-Interpolations-array" count="51">
 LINEAR LINEAR LINEAR LINEAR LINEAR LINEAR LINEAR LINEAR LINEAR LINEAR LINEAR
LINEAR LINEAR LINEAR LINEAR LINEAR LINEAR LINEAR LINEAR LINEAR LINEAR LINEAR LINEAR
LINEAR LINEAR LINEAR LINEAR LINEAR LINEAR LINEAR LINEAR LINEAR LINEAR LINEAR LINEAR
LINEAR LINEAR LINEAR LINEAR LINEAR LINEAR LINEAR LINEAR LINEAR LINEAR LINEAR LINEAR
LINEAR LINEAR LINEAR LINEAR</Name_array><technique_common><accessor source="#Spine-Interpolations-array" count="51"><param type="name"/></accessor></technique_common></source><sampler id="Spine-Matrix-animation-transform"><input semantic="INPUT" source="#Spine-Matrix-animation-input"/><input semantic="OUTPUT" source="#Spine-Matrix-animation-output-transform"/><input semantic="INTERPOLATION" source="#Spine-Interpolations"/></sampler><channel source="#Spine-Matrix-animation-transform" target="Spine/matrix"/></animation>
    <animation id="Spine1-anim" name="Spine1"><source id="Spine1-Matrix-animation-input"><float_array id="Spine1-Matrix-animation-input-array" count="51">

0.000000 0.033333 0.066667 0.100000 0.133333 0.166667 0.200000 0.233333 0.266667 0.300000 0.333333 0.366667 0.400000 0.433333 0.466667 0.500000
0.533333 0.566667 0.600000 0.633333 0.666667 0.700000 0.733333 0.766667 0.800000 0.833333 0.866667 0.900000 0.933333 0.966667 1.000000 1.033333
1.066667 1.100000 1.133333 1.166667 1.200000 1.233333 1.266667 1.300000 1.333333 1.366667 1.400000 1.433333 1.466667 1.500000 1.533333 1.566667
1.600000 1.633333 1.666667</float_array><technique_common><accessor source="#Spine1-Matrix-animation-input-array" count="51"><param name="TIME" type="float"/></accessor></technique_common></source><source id="Spine1-Matrix-animation-output-transform"><float_array id="Spine1-Matrix-animation-output-transform-array" count="816">

0.998870 -0.040556 0.024793 0.019000 0.041083 0.998933 -0.021096 12.337300 -0.023911 0.022091 0.999470 -1.303400 0.000000 0.000000 0.000000 1.000000
0.999243 -0.033722 0.019413 0.019000 0.034021 0.999304 -0.015286 12.337300 -0.018884 0.015935 0.999695 -1.303400 0.000000 0.000000 0.000000 1.000000
0.999537 -0.026950 0.014125 0.019000 0.027057 0.999606 -0.007416 12.337300 -0.013920 0.007795 0.999873 -1.303400 0.000000 0.000000 0.000000 1.000000
0.999624 -0.023792 0.013654 0.019000 0.023788 0.999717 0.000444 12.337300 -0.013661 -0.000119 0.999907 -1.303400 0.000000 0.000000 0.000000 1.000000
0.999623 -0.022867 0.015172 0.019000 0.022759 0.999715 0.007272 12.337300 -0.015333 -0.006924 0.999858 -1.303400 0.000000 0.000000 0.000000 1.000000
0.999590 -0.022784 0.017317 0.019000 0.022551 0.999654 0.013556 12.337300 -0.017619 -0.013160 0.999758 -1.303400 0.000000 0.000000 0.000000 1.000000
0.999551 -0.022785 0.019436 0.019000 0.022410 0.999562 0.019326 12.337300 -0.019868 -0.018881 0.999624 -1.303400 0.000000 0.000000 0.000000 1.000000
0.999539 -0.022501 0.020360 0.019000 0.022026 0.999488 0.023222 12.337300 -0.020872 -0.022763 0.999523 -1.303400 0.000000 0.000000 0.000000 1.000000
0.999674 -0.020326 0.015450 0.019000 0.020038 0.999626 0.018608 12.337300 -0.015822 -0.018292 0.999707 -1.303400 0.000000 0.000000 0.000000 1.000000
0.999885 -0.012551 0.008455 0.019000 0.012462 0.999868 0.010463 12.337300 -0.008585 -0.010357 0.999910 -1.303400 0.000000 0.000000 0.000000 1.000000
0.999975 -0.006950 -0.001526 0.019000 0.006957 0.999965 0.004731 12.337300 0.001493 -0.004742 0.999988 -1.303400 0.000000 0.000000 0.000000 1.000000
0.999909 -0.004664 -0.012641 0.019000 0.004696 0.999986 0.002527 12.337300 0.012629 -0.002586 0.999917 -1.303400 0.000000 0.000000 0.000000 1.000000
0.999900 -0.006548 -0.012542 0.019000 0.006535 0.999978 -0.001110 12.337300 0.012549 0.001028 0.999921 -1.303400 0.000000 0.000000 0.000000 1.000000
0.999908 -0.013186 0.003025 0.019000 0.013205 0.999891 -0.006622 12.337300 -0.002937 0.006661 0.999974 -1.303400 0.000000 0.000000 0.000000 1.000000
0.999648 -0.015419 0.021610 0.019000 0.015680 0.999805 -0.011968 12.337300 -0.021421 0.012302 0.999695 -1.303400 0.000000 0.000000 0.000000 1.000000
0.999163 -0.016461 0.037456 0.019000 0.017205 0.999659 -0.019628 12.337300 -0.037121 0.020256 0.999105 -1.303400 0.000000 0.000000 0.000000 1.000000
0.998206 -0.017197 0.057357 0.019000 0.018499 0.999582 -0.022238 12.337300 -0.056950 0.023259 0.998106 -1.303400 0.000000 0.000000 0.000000 1.000000
0.996198 -0.014910 0.085828 0.019000 0.016959 0.999587 -0.023195 12.337300 -0.085446 0.024562 0.996040 -1.303400 0.000000 0.000000 0.000000 1.000000
0.994089 -0.009378 0.108159 0.019000 0.012681 0.999473 -0.029896 12.337300 -0.107822 0.031091 0.993684 -1.303400 0.000000 0.000000 0.000000 1.000000
0.994192 -0.003283 0.107568 0.019000 0.007625 0.999171 -0.039984 12.337300 -0.107348 0.040572 0.993393 -1.303400 0.000000 0.000000 0.000000 1.000000
0.994702 0.002807 0.102758 0.019000 0.002393 0.998724 -0.050444 12.337300 -0.102769 0.050423 0.993426 -1.303400 0.000000 0.000000 0.000000 1.000000
0.995271 0.008581 0.096758 0.019000 -0.002830 0.998229 -0.059427 12.337300 -0.097097 0.058872 0.993532 -1.303400 0.000000 0.000000 0.000000 1.000000
0.996128 0.012919 0.086961 0.019000 -0.007597 0.998093 -0.061258 12.337300 -0.087587 0.060360 0.994326 -1.303400 0.000000 0.000000 0.000000 1.000000
0.997105 0.016280 0.074277 0.019000 -0.012125 0.998354 -0.056050 12.337300 -0.075067 0.054987 0.995661 -1.303400 0.000000 0.000000 0.000000 1.000000
0.997938 0.019512 0.061150 0.019000 -0.016503 0.998646 -0.049342 12.337300 -0.062030 0.048231 0.996908 -1.303400 0.000000 0.000000 0.000000 1.000000
0.998591 0.022641 0.048000 0.019000 -0.020620 0.998896 -0.042200 12.337300 -0.048903 0.041151 0.997955 -1.303400 0.000000 0.000000 0.000000 1.000000
0.999076 0.025351 0.034701 0.019000 -0.024190 0.999147 -0.033477 12.337300 -0.035520 0.032607 0.998837 -1.303400 0.000000 0.000000 0.000000 1.000000
0.999385 0.027437 0.021817 0.019000 -0.026912 0.999350 -0.023989 12.337300 -0.022461 0.023388 0.999474 -1.303400 0.000000 0.000000 0.000000 1.000000
0.999543 0.028418 0.010292 0.019000 -0.028264 0.999491 -0.014774 12.337300 -0.010707 0.014477 0.999838 -1.303400 0.000000 0.000000 0.000000 1.000000
0.999582 0.028905 -0.000650 0.019000 -0.028908 0.999566 -0.005620 12.337300 0.000488 0.005636 0.999984 -1.303400 0.000000 0.000000 0.000000 1.000000
0.999543 0.028449 -0.010191 0.019000 -0.028423 0.999592 0.002659 12.337300 0.010263 -0.002368 0.999945 -1.303400 0.000000 0.000000 0.000000 1.000000
0.999622 0.024288 -0.012862 0.019000 -0.024205 0.999685 0.006577 12.337300 0.013018 -0.006263 0.999896 -1.303400 0.000000 0.000000 0.000000 1.000000
0.999758 0.020151 -0.008860 0.019000 -0.020082 0.999768 0.007725 12.337300 0.009013 -0.007545 0.999931 -1.303400 0.000000 0.000000 0.000000 1.000000
0.999823 0.018235 -0.004582 0.019000 -0.018194 0.999795 0.008863 12.337300 0.004743 -0.008778 0.999950 -1.303400 0.000000 0.000000 0.000000 1.000000
0.999858 0.016731 -0.002043 0.019000 -0.016711 0.999816 0.009462 12.337300 0.002201 -0.009427 0.999953 -1.303400 0.000000 0.000000 0.000000 1.000000
0.999883 0.015275 0.000247 0.019000 -0.015277 0.999833 0.009981 12.337300 -0.000095 -0.009984 0.999950 -1.303400 0.000000 0.000000 0.000000 1.000000
0.999902 0.013814 0.002324 0.019000 -0.013838 0.999850 0.010396 12.337300 -0.002180 -0.010427 0.999943 -1.303400 0.000000 0.000000 0.000000 1.000000
0.999918 0.012282 0.003742 0.019000 -0.012320 0.999870 0.010435 12.337300 -0.003613 -0.010480 0.999939 -1.303400 0.000000 0.000000 0.000000 1.000000
0.999937 0.010536 0.003832 0.019000 -0.010573 0.999897 0.009665 12.337300 -0.003730 -0.009705 0.999946 -1.303400 0.000000 0.000000 0.000000 1.000000
0.999957 0.008736 0.003210 0.019000 -0.008764 0.999925 0.008540 12.337300 -0.003135 -0.008568 0.999958 -1.303400 0.000000 0.000000 0.000000 1.000000
0.999969 0.007287 0.002981 0.019000 -0.007311 0.999939 0.008241 12.337300 -0.002921 -0.008262 0.999962 -1.303400 0.000000 0.000000 0.000000 1.000000
0.999975 0.005977 0.003838 0.019000 -0.006012 0.999940 0.009178 12.337300 -0.003783 -0.009201 0.999951 -1.303400 0.000000 0.000000 0.000000 1.000000
0.999979 0.002889 0.005728 0.019000 -0.002932 0.999968 0.007478 12.337300 -0.005706 -0.007495 0.999956 -1.303400 0.000000 0.000000 0.000000 1.000000
0.999968 -0.000748 0.007911 0.019000 0.000708 0.999987 0.005019 12.337300 -0.007915 -0.005014 0.999956 -1.303400 0.000000 0.000000 0.000000 1.000000
0.999937 -0.004688 0.010246 0.019000 0.004666 0.999987 0.002171 12.337300 -0.010256 -0.002123 0.999945 -1.303400 0.000000 0.000000 0.000000 1.000000
0.999881 -0.008869 0.012590 0.019000 0.008879 0.999960 -0.000798 12.337300 -0.012582 0.000910 0.999920 -1.303400 0.000000 0.000000 0.000000 1.000000
0.999793 -0.013663 0.015072 0.019000 0.013729 0.999897 -0.004284 12.337300 -0.015012 0.004490 0.999877 -1.303400 0.000000 0.000000 0.000000 1.000000
0.999657 -0.019447 0.017527 0.019000 0.019593 0.999774 -0.008198 12.337300 -0.017364 0.008538 0.999813 -1.303400 0.000000 0.000000 0.000000 1.000000
0.999465 -0.025924 0.019951 0.019000 0.026174 0.999581 -0.012340 12.337300 -0.019622 0.012855 0.999725 -1.303400 0.000000 0.000000 0.000000 1.000000
0.999200 -0.033148 0.022373 0.019000 0.033525 0.999298 -0.016702 12.337300 -0.021803 0.017439 0.999610 -1.303400 0.000000 0.000000 0.000000 1.000000
0.998870 -0.040556 0.024793 0.019000 0.041082 0.998933 -0.021096 12.337300 -0.023911 0.022091 0.999470 -1.303400 0.000000 0.000000 0.000000 1.000000</float_array><technique_common><accessor source="#Spine1-Matrix-animation-output-transform-array" count="51" stride="16"><param type="float4x4"/></accessor></technique_common></source><source id="Spine1-Interpolations"><Name_array id="Spine1-Interpolations-array" count="51">
 LINEAR LINEAR LINEAR LINEAR LINEAR LINEAR LINEAR LINEAR LINEAR LINEAR LINEAR
LINEAR LINEAR LINEAR LINEAR LINEAR LINEAR LINEAR LINEAR LINEAR LINEAR LINEAR LINEAR
LINEAR LINEAR LINEAR LINEAR LINEAR LINEAR LINEAR LINEAR LINEAR LINEAR LINEAR LINEAR
LINEAR LINEAR LINEAR LINEAR LINEAR LINEAR LINEAR LINEAR LINEAR LINEAR LINEAR LINEAR
LINEAR LINEAR LINEAR LINEAR</Name_array><technique_common><accessor source="#Spine1-Interpolations-array" count="51"><param type="name"/></accessor></technique_common></source><sampler id="Spine1-Matrix-animation-transform"><input semantic="INPUT" source="#Spine1-Matrix-animation-input"/><input semantic="OUTPUT" source="#Spine1-Matrix-animation-output-transform"/><input semantic="INTERPOLATION" source="#Spine1-Interpolations"/></sampler><channel source="#Spine1-Matrix-animation-transform" target="Spine1/matrix"/></animation>
    <animation id="Spine2-anim" name="Spine2"><source id="Spine2-Matrix-animation-input"><float_array id="Spine2-Matrix-animation-input-array" count="51">

0.000000 0.033333 0.066667 0.100000 0.133333 0.166667 0.200000 0.233333 0.266667 0.300000 0.333333 0.366667 0.400000 0.433333 0.466667 0.500000
0.533333 0.566667 0.600000 0.633333 0.666667 0.700000 0.733333 0.766667 0.800000 0.833333 0.866667 0.900000 0.933333 0.966667 1.000000 1.033333
1.066667 1.100000 1.133333 1.166667 1.200000 1.233333 1.266667 1.300000 1.333333 1.366667 1.400000 1.433333 1.466667 1.500000 1.533333 1.566667
1.600000 1.633333 1.666667</float_array><technique_common><accessor source="#Spine2-Matrix-animation-input-array" count="51"><param name="TIME" type="float"/></accessor></technique_common></source><source id="Spine2-Matrix-animation-output-transform"><float_array id="Spine2-Matrix-animation-output-transform-array" count="816">

0.999575 -0.018316 0.022667 0.021700 0.018403 0.999824 -0.003651 14.099800 -0.022596 0.004067 0.999736 -1.489600 0.000000 0.000000 0.000000 1.000000
0.999736 -0.014752 0.017601 0.021700 0.014761 0.999891 -0.000398 14.099800 -0.017593 0.000658 0.999845 -1.489600 0.000000 0.000000 0.000000 1.000000
0.999851 -0.011741 0.012618 0.021700 0.011685 0.999922 0.004520 14.099800 -0.012670 -0.004372 0.999910 -1.489600 0.000000 0.000000 0.000000 1.000000
0.999852 -0.011947 0.012376 0.021700 0.011827 0.999883 0.009689 14.099800 -0.012490 -0.009541 0.999876 -1.489600 0.000000 0.000000 0.000000 1.000000
0.999802 -0.014082 0.014063 0.021700 0.013885 0.999805 0.014066 14.099800 -0.014259 -0.013868 0.999802 -1.489600 0.000000 0.000000 0.000000 1.000000
0.999724 -0.016863 0.016349 0.021700 0.016568 0.999700 0.018025 14.099800 -0.016648 -0.017749 0.999704 -1.489600 0.000000 0.000000 0.000000 1.000000
0.999632 -0.019723 0.018607 0.021700 0.019320 0.999580 0.021579 14.099800 -0.019025 -0.021211 0.999594 -1.489600 0.000000 0.000000 0.000000 1.000000
0.999568 -0.021871 0.019648 0.021700 0.021406 0.999493 0.023572 14.099800 -0.020153 -0.023141 0.999529 -1.489600 0.000000 0.000000 0.000000 1.000000
0.999681 -0.020458 0.014782 0.021700 0.020184 0.999627 0.018417 14.099800 -0.015153 -0.018112 0.999721 -1.489600 0.000000 0.000000 0.000000 1.000000
0.999889 -0.012610 0.007978 0.021700 0.012526 0.999867 0.010400 14.099800 -0.008108 -0.010299 0.999914 -1.489600 0.000000 0.000000 0.000000 1.000000
0.999973 -0.007043 -0.001847 0.021700 0.007052 0.999964 0.004739 14.099800 0.001814 -0.004752 0.999987 -1.489600 0.000000 0.000000 0.000000 1.000000
0.999905 -0.004870 -0.012894 0.021700 0.004904 0.999985 0.002581 14.099800 0.012882 -0.002644 0.999914 -1.489600 0.000000 0.000000 0.000000 1.000000
0.999894 -0.006793 -0.012858 0.021700 0.006781 0.999976 -0.001036 14.099800 0.012865 0.000948 0.999917 -1.489600 0.000000 0.000000 0.000000 1.000000
0.999909 -0.013266 0.002472 0.021700 0.013282 0.999890 -0.006641 14.099800 -0.002384 0.006673 0.999975 -1.489600 0.000000 0.000000 0.000000 1.000000
0.999665 -0.015159 0.020973 0.021700 0.015418 0.999806 -0.012224 14.099800 -0.020784 0.012543 0.999705 -1.489600 0.000000 0.000000 0.000000 1.000000
0.999200 -0.015786 0.036748 0.021700 0.016534 0.999661 -0.020129 14.099800 -0.036418 0.020721 0.999122 -1.489600 0.000000 0.000000 0.000000 1.000000
0.998271 -0.016084 0.056532 0.021700 0.017411 0.999582 -0.023066 14.099800 -0.056137 0.024011 0.998134 -1.489600 0.000000 0.000000 0.000000 1.000000
0.996303 -0.013283 0.084874 0.021700 0.015391 0.999588 -0.024234 14.099800 -0.084517 0.025450 0.996097 -1.489600 0.000000 0.000000 0.000000 1.000000
0.994232 -0.006999 0.107026 0.021700 0.010357 0.999470 -0.030854 14.099800 -0.106753 0.031785 0.993777 -1.489600 0.000000 0.000000 0.000000 1.000000
0.994339 -0.000264 0.106252 0.021700 0.004611 0.999162 -0.040670 14.099800 -0.106152 0.040930 0.993507 -1.489600 0.000000 0.000000 0.000000 1.000000
0.994832 0.006384 0.101336 0.021700 -0.001233 0.998707 -0.050816 14.099800 -0.101529 0.050428 0.993554 -1.489600 0.000000 0.000000 0.000000 1.000000
0.995368 0.012625 0.095309 0.021700 -0.006964 0.998204 -0.059501 14.099800 -0.095889 0.058561 0.993668 -1.489600 0.000000 0.000000 0.000000 1.000000
0.996169 0.017061 0.085766 0.021700 -0.011827 0.998058 -0.061165 14.099800 -0.086642 0.059917 0.994436 -1.489600 0.000000 0.000000 0.000000 1.000000
0.997093 0.020127 0.073486 0.021700 -0.016031 0.998307 -0.055910 14.099800 -0.074487 0.054569 0.995728 -1.489600 0.000000 0.000000 0.000000 1.000000
0.997887 0.022979 0.060772 0.021700 -0.019999 0.998589 -0.049186 14.099800 -0.061817 0.047866 0.996939 -1.489600 0.000000 0.000000 0.000000 1.000000
0.998515 0.025707 0.048031 0.021700 -0.023692 0.998835 -0.042048 14.099800 -0.049056 0.040848 0.997960 -1.489600 0.000000 0.000000 0.000000 1.000000
0.998993 0.027922 0.035126 0.021700 -0.026751 0.999085 -0.033367 14.099800 -0.036026 0.032394 0.998826 -1.489600 0.000000 0.000000 0.000000 1.000000
0.999310 0.029465 0.022592 0.021700 -0.028924 0.999295 -0.023949 14.099800 -0.023281 0.023280 0.999458 -1.489600 0.000000 0.000000 0.000000 1.000000
0.999488 0.029913 0.011322 0.021700 -0.029744 0.999448 -0.014813 14.099800 -0.011759 0.014468 0.999826 -1.489600 0.000000 0.000000 0.000000 1.000000
0.999554 0.029866 0.000592 0.021700 -0.029863 0.999537 -0.005747 14.099800 -0.000763 0.005726 0.999983 -1.489600 0.000000 0.000000 0.000000 1.000000
0.999543 0.028918 -0.008825 0.021700 -0.028898 0.999579 0.002452 14.099800 0.008892 -0.002196 0.999958 -1.489600 0.000000 0.000000 0.000000 1.000000
0.999631 0.024488 -0.011734 0.021700 -0.024414 0.999682 0.006380 14.099800 0.011886 -0.006091 0.999911 -1.489600 0.000000 0.000000 0.000000 1.000000
0.999762 0.020287 -0.008028 0.021700 -0.020226 0.999767 0.007605 14.099800 0.008180 -0.007441 0.999939 -1.489600 0.000000 0.000000 0.000000 1.000000
0.999824 0.018351 -0.003806 0.021700 -0.018317 0.999794 0.008799 14.099800 0.003967 -0.008728 0.999954 -1.489600 0.000000 0.000000 0.000000 1.000000
0.999857 0.016853 -0.001145 0.021700 -0.016841 0.999814 0.009420 14.099800 0.001303 -0.009399 0.999955 -1.489600 0.000000 0.000000 0.000000 1.000000
0.999880 0.015407 0.001296 0.021700 -0.015419 0.999832 0.009956 14.099800 -0.001142 -0.009975 0.999950 -1.489600 0.000000 0.000000 0.000000 1.000000
0.999896 0.013960 0.003559 0.021700 -0.013996 0.999848 0.010386 14.099800 -0.003414 -0.010435 0.999940 -1.489600 0.000000 0.000000 0.000000 1.000000
0.999908 0.012454 0.005292 0.021700 -0.012509 0.999867 0.010432 14.099800 -0.005162 -0.010497 0.999932 -1.489600 0.000000 0.000000 0.000000 1.000000
0.999924 0.010764 0.005981 0.021700 -0.010821 0.999895 0.009653 14.099800 -0.005877 -0.009717 0.999936 -1.489600 0.000000 0.000000 0.000000 1.000000
0.999940 0.009039 0.006139 0.021700 -0.009092 0.999922 0.008513 14.099800 -0.006061 -0.008568 0.999945 -1.489600 0.000000 0.000000 0.000000 1.000000
0.999949 0.007664 0.006604 0.021700 -0.007718 0.999937 0.008209 14.099800 -0.006540 -0.008259 0.999945 -1.489600 0.000000 0.000000 0.000000 1.000000
0.999947 0.006930 0.007575 0.021700 -0.007002 0.999929 0.009593 14.099800 -0.007508 -0.009646 0.999925 -1.489600 0.000000 0.000000 0.000000 1.000000
0.999946 0.005463 0.008874 0.021700 -0.005545 0.999942 0.009234 14.099800 -0.008823 -0.009283 0.999918 -1.489600 0.000000 0.000000 0.000000 1.000000
0.999940 0.003755 0.010275 0.021700 -0.003841 0.999958 0.008369 14.099800 -0.010243 -0.008408 0.999912 -1.489600 0.000000 0.000000 0.000000 1.000000
0.999929 0.001905 0.011730 0.021700 -0.001990 0.999972 0.007240 14.099800 -0.011716 -0.007263 0.999905 -1.489600 0.000000 0.000000 0.000000 1.000000
0.999913 -0.000121 0.013227 0.021700 0.000041 0.999982 0.006027 14.099800 -0.013227 -0.006026 0.999894 -1.489600 0.000000 0.000000 0.000000 1.000000
0.999887 -0.002531 0.014831 0.021700 0.002465 0.999987 0.004466 14.099800 -0.014842 -0.004429 0.999880 -1.489600 0.000000 0.000000 0.000000 1.000000
0.999846 -0.005713 0.016601 0.021700 0.005670 0.999980 0.002623 14.099800 -0.016616 -0.002529 0.999859 -1.489600 0.000000 0.000000 0.000000 1.000000
0.999784 -0.009455 0.018500 0.021700 0.009445 0.999955 0.000632 14.099800 -0.018506 -0.000457 0.999829 -1.489600 0.000000 0.000000 0.000000 1.000000
0.999693 -0.013809 0.020564 0.021700 0.013843 0.999903 -0.001499 14.099800 -0.020541 0.001784 0.999787 -1.489600 0.000000 0.000000 0.000000 1.000000
0.999575 -0.018316 0.022667 0.021700 0.018403 0.999824 -0.003651 14.099800 -0.022596 0.004067 0.999736 -1.489600 0.000000 0.000000 0.000000 1.000000</float_array><technique_common><accessor source="#Spine2-Matrix-animation-output-transform-array" count="51" stride="16"><param type="float4x4"/></accessor></technique_common></source><source id="Spine2-Interpolations"><Name_array id="Spine2-Interpolations-array" count="51">
 LINEAR LINEAR LINEAR LINEAR LINEAR LINEAR LINEAR LINEAR LINEAR LINEAR LINEAR
LINEAR LINEAR LINEAR LINEAR LINEAR LINEAR LINEAR LINEAR LINEAR LINEAR LINEAR LINEAR
LINEAR LINEAR LINEAR LINEAR LINEAR LINEAR LINEAR LINEAR LINEAR LINEAR LINEAR LINEAR
LINEAR LINEAR LINEAR LINEAR LINEAR LINEAR LINEAR LINEAR LINEAR LINEAR LINEAR LINEAR
LINEAR LINEAR LINEAR LINEAR</Name_array><technique_common><accessor source="#Spine2-Interpolations-array" count="51"><param type="name"/></accessor></technique_common></source><sampler id="Spine2-Matrix-animation-transform"><input semantic="INPUT" source="#Spine2-Matrix-animation-input"/><input semantic="OUTPUT" source="#Spine2-Matrix-animation-output-transform"/><input semantic="INTERPOLATION" source="#Spine2-Interpolations"/></sampler><channel source="#Spine2-Matrix-animation-transform" target="Spine2/matrix"/></animation>
    <animation id="Neck-anim" name="Neck"><source id="Neck-Matrix-animation-input"><float_array id="Neck-Matrix-animation-input-array" count="51">

0.000000 0.033333 0.066667 0.100000 0.133333 0.166667 0.200000 0.233333 0.266667 0.300000 0.333333 0.366667 0.400000 0.433333 0.466667 0.500000
0.533333 0.566667 0.600000 0.633333 0.666667 0.700000 0.733333 0.766667 0.800000 0.833333 0.866667 0.900000 0.933333 0.966667 1.000000 1.033333
1.066667 1.100000 1.133333 1.166667 1.200000 1.233333 1.266667 1.300000 1.333333 1.366667 1.400000 1.433333 1.466667 1.500000 1.533333 1.566667
1.600000 1.633333 1.666667</float_array><technique_common><accessor source="#Neck-Matrix-animation-input-array" count="51"><param name="TIME" type="float"/></accessor></technique_common></source><source id="Neck-Matrix-animation-output-transform"><float_array id="Neck-Matrix-animation-output-transform-array" count="816">

