<?xml version="1.0" encoding="utf-8"?>
<COLLADA xmlns="http://www.collada.org/2005/11/COLLADASchema" version="1.4.1">
  <asset><contributor><author>Mixamo</author><authoring_tool>COLLADA Mixamo exporter</authoring_tool><comments></comments></contributor><created>2018-12-17T14:11:18Z</created><modified>2018-12-17T14:11:18Z</modified><revision></revision><title></title><unit meter="0.010000"/><up_axis>Y_UP</up_axis></asset>
  <library_animations>
    <animation id="Hips-anim" name="Hips"><source id="Hips-Matrix-animation-input"><float_array id="Hips-Matrix-animation-input-array" count="139">

0.000000 0.033333 0.066667 0.100000 0.133333 0.166667 0.200000 0.233333 0.266667 0.300000 0.333333 0.366667 0.400000 0.433333 0.466667 0.500000
0.533333 0.566667 0.600000 0.633333 0.666667 0.700000 0.733333 0.766667 0.800000 0.833333 0.866667 0.900000 0.933333 0.966667 1.000000 1.033333
1.066667 1.100000 1.133333 1.166667 1.200000 1.233333 1.266667 1.300000 1.333333 1.366667 1.400000 1.433333 1.466667 1.500000 1.533333 1.566667
1.600000 1.633333 1.666667 1.700000 1.733333 1.766667 1.800000 1.833333 1.866667 1.900000 1.933333 1.966667 2.000000 2.033333 2.066667 2.100000
2.133333 2.166667 2.200000 2.233333 2.266667 2.300000 2.333333 2.366667 2.400000 2.433333 2.466667 2.500000 2.533333 2.566667 2.600000 2.633333
2.666667 2.700000 2.733333 2.766667 2.800000 2.833333 2.866667 2.900000 2.933333 2.966667 3.000000 3.033333 3.066667 3.100000 3.133333 3.166667
3.200000 3.233333 3.266667 3.300000 3.333333 3.366667 3.400000 3.433333 3.466667 3.500000 3.533333 3.566667 3.600000 3.633333 3.666667 3.700000
3.733333 3.766667 3.800000 3.833333 3.866667 3.900000 3.933333 3.966667 4.000000 4.033333 4.066667 4.100000 4.133333 4.166667 4.200000 4.233333
4.266667 4.300000 4.333333 4.366667 4.400000 4.433333 4.466667 4.500000 4.533333 4.566667 4.600000</float_array><technique_common><accessor source="#Hips-Matrix-animation-input-array" count="139"><param name="TIME" type="float"/></accessor></technique_common></source><source id="Hips-Matrix-animation-output-transform"><float_array id="Hips-Matrix-animation-output-transform-array" count="2224">

0.952464 -0.037117 -0.302382 0.157699 -0.020292 0.982617 -0.184531 97.261681 0.303975 0.181895 0.935154 -0.439145 0.000000 0.000000 0.000000 1.000000
0.953366 -0.037701 -0.299453 0.087425 -0.019908 0.982152 -0.187034 97.331650 0.301160 0.184274 0.935599 -0.507048 0.000000 0.000000 0.000000 1.000000
0.953802 -0.043915 -0.297208 -0.057241 -0.016422 0.980160 -0.197526 97.404480 0.299986 0.193282 0.934158 -0.800552 0.000000 0.000000 0.000000 1.000000
0.954131 -0.055462 -0.294209 -0.274048 -0.011501 0.975176 -0.221132 97.387802 0.299170 0.214373 0.929807 -1.424801 0.000000 0.000000 0.000000 1.000000
0.954987 -0.069447 -0.288405 -0.554095 -0.007552 0.966205 -0.257664 97.218796 0.296552 0.248243 0.922189 -2.353671 0.000000 0.000000 0.000000 1.000000
0.957712 -0.081263 -0.276013 -0.907168 -0.007262 0.952155 -0.305530 96.801491 0.287635 0.294615 0.911300 -3.555847 0.000000 0.000000 0.000000 1.000000
0.962165 -0.087876 -0.257907 -1.304461 -0.010118 0.934387 -0.356116 96.091293 0.272279 0.345252 0.898145 -4.929696 0.000000 0.000000 0.000000 1.000000
0.966976 -0.091450 -0.237894 -1.716378 -0.013793 0.913263 -0.407137 95.046562 0.254492 0.396974 0.881842 -6.436933 0.000000 0.000000 0.000000 1.000000
0.971353 -0.093681 -0.218398 -2.147940 -0.017180 0.888933 -0.457714 93.680908 0.237020 0.448354 0.861859 -8.020522 0.000000 0.000000 0.000000 1.000000
0.974879 -0.095154 -0.201389 -2.608192 -0.019160 0.864978 -0.501444 92.117157 0.221911 0.492705 0.841425 -9.592369 0.000000 0.000000 0.000000 1.000000
0.977280 -0.097035 -0.188435 -3.129296 -0.018595 0.846366 -0.532278 90.515144 0.211134 0.523688 0.825332 -11.044133 0.000000 0.000000 0.000000 1.000000
0.978786 -0.100273 -0.178669 -3.754295 -0.014860 0.835011 -0.550033 89.021812 0.204344 0.541020 0.815807 -12.292594 0.000000 0.000000 0.000000 1.000000
0.980022 -0.103459 -0.169863 -4.479440 -0.008697 0.830944 -0.556288 87.813377 0.198699 0.546651 0.813444 -13.331923 0.000000 0.000000 0.000000 1.000000
0.981341 -0.103492 -0.162045 -5.285504 -0.003309 0.833568 -0.552408 87.106987 0.192245 0.542637 0.817672 -14.210283 0.000000 0.000000 0.000000 1.000000
0.982646 -0.098515 -0.157168 -6.179068 -0.002014 0.841589 -0.540114 87.076279 0.185481 0.531058 0.826786 -14.964872 0.000000 0.000000 0.000000 1.000000
0.983587 -0.089043 -0.156934 -7.165984 -0.005333 0.855026 -0.518558 87.717499 0.180357 0.510883 0.840517 -15.565428 0.000000 0.000000 0.000000 1.000000
0.983820 -0.076125 -0.162181 -8.216123 -0.011737 0.875908 -0.482335 88.837563 0.178774 0.476435 0.860843 -15.882924 0.000000 0.000000 0.000000 1.000000
0.983224 -0.060438 -0.172099 -9.245895 -0.019040 0.904349 -0.426368 90.213211 0.181406 0.422492 0.888027 -15.717270 0.000000 0.000000 0.000000 1.000000
0.981962 -0.044536 -0.183758 -10.146935 -0.023548 0.935490 -0.352567 91.725723 0.187606 0.350534 0.917567 -14.892444 0.000000 0.000000 0.000000 1.000000
0.980493 -0.032160 -0.193904 -10.858162 -0.021599 0.962919 -0.268926 93.312759 0.195362 0.267869 0.943440 -13.338794 0.000000 0.000000 0.000000 1.000000
0.979561 -0.022310 -0.199905 -11.423992 -0.014839 0.983107 -0.182431 94.943230 0.200598 0.181669 0.962682 -11.107214 0.000000 0.000000 0.000000 1.000000
0.979857 -0.010810 -0.199407 -11.964236 -0.009034 0.995112 -0.098340 96.550468 0.199495 0.098161 0.974970 -8.295760 0.000000 0.000000 0.000000 1.000000
0.980907 0.001726 -0.194472 -12.585806 -0.007081 0.999614 -0.026848 98.021034 0.194351 0.027712 0.980541 -5.069827 0.000000 0.000000 0.000000 1.000000
0.981022 0.011827 -0.193536 -13.251947 -0.008391 0.999792 0.018564 99.204453 0.193715 -0.016588 0.980918 -1.684922 0.000000 0.000000 0.000000 1.000000
0.979218 0.018431 -0.201973 -13.759895 -0.011976 0.999379 0.033136 99.871582 0.202459 -0.030028 0.978830 1.646757 0.000000 0.000000 0.000000 1.000000
0.975931 0.020360 -0.217126 -14.103064 -0.014916 0.999533 0.026681 100.291962 0.217568 -0.022800 0.975779 4.752939 0.000000 0.000000 0.000000 1.000000
0.971800 0.016026 -0.235262 -14.226037 -0.012959 0.999810 0.014574 100.523369 0.235451 -0.011114 0.971823 7.606264 0.000000 0.000000 0.000000 1.000000
0.966993 0.006700 -0.254714 -14.090230 -0.005544 0.999971 0.005257 100.592468 0.254742 -0.003671 0.967002 10.159760 0.000000 0.000000 0.000000 1.000000
0.961954 -0.004369 -0.273178 -13.728094 0.003714 0.999989 -0.002913 100.576462 0.273188 0.001787 0.961959 12.385344 0.000000 0.000000 0.000000 1.000000
0.957979 -0.014273 -0.286483 -13.196987 0.010836 0.999849 -0.013581 100.524033 0.286633 0.009906 0.957989 14.363178 0.000000 0.000000 0.000000 1.000000
0.956679 -0.020213 -0.290444 -12.654585 0.013569 0.999599 -0.024873 100.294624 0.290830 0.019854 0.956569 16.096317 0.000000 0.000000 0.000000 1.000000
0.959136 -0.020422 -0.282207 -12.158886 0.011453 0.999377 -0.033394 100.064522 0.282713 0.028798 0.958772 17.541565 0.000000 0.000000 0.000000 1.000000
0.965578 -0.015348 -0.259662 -11.725627 0.005194 0.999196 -0.039747 99.944969 0.260063 0.037030 0.964881 18.510912 0.000000 0.000000 0.000000 1.000000
0.974498 -0.007614 -0.224265 -11.323894 -0.003241 0.998842 -0.047997 99.899292 0.224371 0.047500 0.973345 18.813473 0.000000 0.000000 0.000000 1.000000
0.982742 -0.000806 -0.184979 -10.862690 -0.011150 0.997914 -0.063584 99.954834 0.184644 0.064549 0.980683 18.367996 0.000000 0.000000 0.000000 1.000000
0.988076 0.002803 -0.153941 -10.176298 -0.017002 0.995706 -0.090995 100.223083 0.153025 0.092528 0.983881 17.143810 0.000000 0.000000 0.000000 1.000000
0.990468 0.002831 -0.137716 -9.007318 -0.020967 0.991236 -0.130425 100.613754 0.136140 0.132070 0.981847 15.139299 0.000000 0.000000 0.000000 1.000000
0.990526 -0.000877 -0.137321 -7.760148 -0.023711 0.983868 -0.177318 100.200668 0.135261 0.178894 0.974526 11.970089 0.000000 0.000000 0.000000 1.000000
0.988226 -0.009042 -0.152732 -6.302708 -0.025834 0.974057 -0.224822 99.260361 0.150803 0.226120 0.962355 8.050357 0.000000 0.000000 0.000000 1.000000
0.983402 -0.020293 -0.180302 -4.689297 -0.028643 0.963902 -0.264713 97.950111 0.179166 0.265483 0.947322 3.841231 0.000000 0.000000 0.000000 1.000000
0.977039 -0.030021 -0.210937 -3.137131 -0.033261 0.956395 -0.290178 96.432991 0.210450 0.290531 0.933436 -0.205509 0.000000 0.000000 0.000000 1.000000
0.970553 -0.035705 -0.238226 -1.890135 -0.039576 0.951881 -0.303901 94.991539 0.237614 0.304380 0.922438 -3.649778 0.000000 0.000000 0.000000 1.000000
0.964042 -0.040509 -0.262645 -1.089541 -0.048427 0.944987 -0.323502 93.829033 0.261301 0.324589 0.909045 -6.138804 0.000000 0.000000 0.000000 1.000000
0.957619 -0.044932 -0.284513 -0.623839 -0.066959 0.925972 -0.371608 92.927139 0.280148 0.374909 0.883720 -7.531697 0.000000 0.000000 0.000000 1.000000
0.953390 -0.049363 -0.297674 -0.368370 -0.096317 0.885130 -0.455266 92.077118 0.285954 0.462717 0.839120 -8.070718 0.000000 0.000000 0.000000 1.000000
0.951706 -0.059745 -0.301140 -0.252911 -0.125262 0.819959 -0.558549 91.213562 0.280293 0.569296 0.772876 -8.236122 0.000000 0.000000 0.000000 1.000000
0.950462 -0.084228 -0.299210 -0.329790 -0.140261 0.742805 -0.654650 90.174500 0.277395 0.664188 0.694195 -8.527201 0.000000 0.000000 0.000000 1.000000
0.949259 -0.119555 -0.290886 -0.514471 -0.136193 0.677431 -0.722869 88.911469 0.283478 0.725806 0.626775 -9.171886 0.000000 0.000000 0.000000 1.000000
0.949274 -0.149660 -0.276550 -0.680462 -0.119223 0.642511 -0.756945 87.532310 0.290971 0.751519 0.592076 -10.031233 0.000000 0.000000 0.000000 1.000000
0.950913 -0.162708 -0.263230 -0.808860 -0.102268 0.637594 -0.763555 86.309341 0.292070 0.752994 0.589656 -10.783261 0.000000 0.000000 0.000000 1.000000
0.952745 -0.163252 -0.256175 -0.991255 -0.093650 0.644387 -0.758944 85.520119 0.288975 0.747071 0.598647 -11.236276 0.000000 0.000000 0.000000 1.000000
0.952891 -0.166583 -0.253475 -1.294835 -0.090007 0.642744 -0.760775 85.229774 0.289652 0.747750 0.597471 -11.451784 0.000000 0.000000 0.000000 1.000000
0.950727 -0.180758 -0.251884 -1.692834 -0.083986 0.631911 -0.770477 85.254288 0.298438 0.753668 0.585594 -11.604563 0.000000 0.000000 0.000000 1.000000
0.946481 -0.198216 -0.254723 -2.127688 -0.076052 0.630020 -0.772846 85.352005 0.313671 0.750856 0.581228 -11.796332 0.000000 0.000000 0.000000 1.000000
0.941088 -0.207197 -0.267249 -2.604961 -0.071244 0.651080 -0.755658 85.400879 0.330571 0.730181 0.597963 -12.021753 0.000000 0.000000 0.000000 1.000000
0.936249 -0.204441 -0.285729 -3.181290 -0.069586 0.689251 -0.721173 85.420807 0.344376 0.695081 0.631085 -12.243320 0.000000 0.000000 0.000000 1.000000
0.933212 -0.195377 -0.301566 -3.889267 -0.067606 0.728799 -0.681382 85.494720 0.352908 0.656262 0.666915 -12.448170 0.000000 0.000000 0.000000 1.000000
0.931991 -0.185563 -0.311384 -4.713094 -0.063875 0.761516 -0.644991 85.675873 0.356810 0.621016 0.697873 -12.624603 0.000000 0.000000 0.000000 1.000000
0.931809 -0.175946 -0.317450 -5.604548 -0.059381 0.788954 -0.611577 85.967522 0.358057 0.588723 0.724707 -12.751325 0.000000 0.000000 0.000000 1.000000
0.931865 -0.165713 -0.322750 -6.524787 -0.055086 0.814655 -0.577324 86.337601 0.358600 0.555767 0.750019 -12.829003 0.000000 0.000000 0.000000 1.000000
0.931847 -0.155211 -0.327979 -7.464005 -0.050876 0.839078 -0.541627 86.778641 0.359266 0.521400 0.773996 -12.888723 0.000000 0.000000 0.000000 1.000000
0.931989 -0.144875 -0.332276 -8.387867 -0.046574 0.861203 -0.506124 87.251221 0.359482 0.487177 0.795884 -12.925347 0.000000 0.000000 0.000000 1.000000
0.932538 -0.134600 -0.335047 -9.275249 -0.042061 0.881109 -0.471040 87.727654 0.358615 0.453355 0.816006 -12.945497 0.000000 0.000000 0.000000 1.000000
0.933161 -0.125372 -0.336887 -10.088346 -0.036620 0.899172 -0.436061 88.237679 0.357589 0.419252 0.834481 -12.973211 0.000000 0.000000 0.000000 1.000000
0.932885 -0.118725 -0.340043 -10.804417 -0.030197 0.915003 -0.402314 88.760635 0.358906 0.385581 0.850008 -13.023216 0.000000 0.000000 0.000000 1.000000
0.931203 -0.114477 -0.346057 -11.408565 -0.024148 0.927940 -0.371946 89.229362 0.363699 0.354714 0.861337 -13.080169 0.000000 0.000000 0.000000 1.000000
0.928745 -0.110512 -0.353864 -11.884367 -0.020280 0.937959 -0.346153 89.606964 0.370164 0.328664 0.868883 -13.111721 0.000000 0.000000 0.000000 1.000000
0.926054 -0.105183 -0.362436 -12.214352 -0.019406 0.945832 -0.324077 89.914444 0.376891 0.307146 0.873851 -13.094326 0.000000 0.000000 0.000000 1.000000
0.922598 -0.098748 -0.372911 -12.390248 -0.020973 0.952413 -0.304090 90.187462 0.385193 0.288373 0.876623 -13.034904 0.000000 0.000000 0.000000 1.000000
0.917864 -0.091982 -0.386090 -12.416333 -0.023765 0.958292 -0.284801 90.445595 0.396183 0.270584 0.877396 -12.948998 0.000000 0.000000 0.000000 1.000000
0.912580 -0.084810 -0.400006 -12.300656 -0.026801 0.963744 -0.265480 90.693886 0.408019 0.252992 0.877220 -12.829057 0.000000 0.000000 0.000000 1.000000
0.907755 -0.077360 -0.412307 -12.057539 -0.029999 0.968363 -0.247737 90.940987 0.418427 0.237253 0.876715 -12.658527 0.000000 0.000000 0.000000 1.000000
0.903335 -0.070704 -0.423068 -11.712438 -0.033640 0.971605 -0.234204 91.203438 0.427614 0.225797 0.875307 -12.450182 0.000000 0.000000 0.000000 1.000000
0.898861 -0.065374 -0.433330 -11.288248 -0.037505 0.973707 -0.224695 91.491425 0.436625 0.218222 0.872776 -12.237396 0.000000 0.000000 0.000000 1.000000
0.894546 -0.060757 -0.442827 -10.787877 -0.041221 0.975283 -0.217081 91.800049 0.445071 0.212443 0.869931 -12.028457 0.000000 0.000000 0.000000 1.000000
0.890739 -0.056310 -0.451014 -10.195097 -0.045004 0.976493 -0.210799 92.115982 0.452283 0.208064 0.867266 -11.796216 0.000000 0.000000 0.000000 1.000000
0.886978 -0.052258 -0.458846 -9.497428 -0.049280 0.977193 -0.206555 92.430382 0.459176 0.205822 0.864173 -11.512577 0.000000 0.000000 0.000000 1.000000
0.882753 -0.049039 -0.467271 -8.698575 -0.053594 0.977537 -0.203838 92.747993 0.466771 0.204982 0.860295 -11.169323 0.000000 0.000000 0.000000 1.000000
0.878687 -0.046466 -0.475132 -7.812271 -0.056711 0.978045 -0.200527 93.077240 0.474018 0.203146 0.856760 -10.772379 0.000000 0.000000 0.000000 1.000000
0.875826 -0.044002 -0.480617 -6.855301 -0.058118 0.978973 -0.195536 93.409515 0.479115 0.199188 0.854853 -10.325342 0.000000 0.000000 0.000000 1.000000
0.874552 -0.041881 -0.483119 -5.839519 -0.058469 0.979888 -0.190788 93.715836 0.481393 0.195102 0.854515 -9.816977 0.000000 0.000000 0.000000 1.000000
0.874486 -0.040863 -0.483326 -4.772439 -0.058783 0.980172 -0.189226 93.964226 0.481475 0.193887 0.854745 -9.239778 0.000000 0.000000 0.000000 1.000000
0.874743 -0.041069 -0.482843 -3.674783 -0.059674 0.979689 -0.191438 94.135986 0.480898 0.196272 0.854526 -8.621093 0.000000 0.000000 0.000000 1.000000
0.874873 -0.042012 -0.482527 -2.578682 -0.060776 0.978835 -0.195419 94.231995 0.480524 0.200293 0.853803 -8.007065 0.000000 0.000000 0.000000 1.000000
0.875499 -0.042776 -0.481323 -1.512773 -0.061437 0.978137 -0.198680 94.259964 0.479298 0.203516 0.853730 -7.427521 0.000000 0.000000 0.000000 1.000000
0.878177 -0.042108 -0.476480 -0.498714 -0.061610 0.977864 -0.199967 94.235069 0.474352 0.204962 0.856143 -6.890347 0.000000 0.000000 0.000000 1.000000
0.884757 -0.039880 -0.464344 0.446691 -0.060913 0.977891 -0.200049 94.175850 0.462055 0.205279 0.862766 -6.389825 0.000000 0.000000 0.000000 1.000000
0.895575 -0.038234 -0.443265 1.300631 -0.058271 0.977638 -0.202058 94.091599 0.441078 0.206788 0.873320 -5.921231 0.000000 0.000000 0.000000 1.000000
0.908000 -0.038742 -0.417176 2.014456 -0.053886 0.976647 -0.207984 93.989548 0.415491 0.211329 0.884707 -5.506018 0.000000 0.000000 0.000000 1.000000
0.918461 -0.039353 -0.393549 2.531428 -0.049995 0.975504 -0.214225 93.900894 0.392339 0.216433 0.893995 -5.192211 0.000000 0.000000 0.000000 1.000000
0.925904 -0.037655 -0.375877 2.838983 -0.048162 0.975133 -0.216326 93.843948 0.374675 0.218400 0.901066 -4.996320 0.000000 0.000000 0.000000 1.000000
0.931703 -0.034013 -0.361624 2.968598 -0.047830 0.975447 -0.214977 93.805649 0.360057 0.217591 0.907201 -4.884931 0.000000 0.000000 0.000000 1.000000
0.937171 -0.030119 -0.347569 2.951079 -0.047934 0.975701 -0.213800 93.772835 0.345563 0.217027 0.912954 -4.829660 0.000000 0.000000 0.000000 1.000000
0.942490 -0.027018 -0.333141 2.794931 -0.047952 0.975486 -0.214774 93.753113 0.330777 0.218397 0.918090 -4.828666 0.000000 0.000000 0.000000 1.000000
0.947266 -0.024808 -0.319486 2.493534 -0.047674 0.974994 -0.217060 93.761635 0.316882 0.220844 0.922396 -4.877068 0.000000 0.000000 0.000000 1.000000
0.951206 -0.023256 -0.307680 2.039751 -0.046971 0.974620 -0.218880 93.800903 0.304961 0.222652 0.925972 -4.956511 0.000000 0.000000 0.000000 1.000000
0.954419 -0.022030 -0.297657 1.441183 -0.045925 0.974557 -0.219383 93.855545 0.294917 0.223053 0.929124 -5.058267 0.000000 0.000000 0.000000 1.000000
0.957430 -0.020691 -0.287924 0.730041 -0.044737 0.974742 -0.218809 93.906448 0.285179 0.222375 0.932321 -5.193312 0.000000 0.000000 0.000000 1.000000
0.960656 -0.019079 -0.277084 -0.055427 -0.043373 0.975093 -0.217515 93.955612 0.274333 0.220975 0.935902 -5.371788 0.000000 0.000000 0.000000 1.000000
0.963977 -0.017512 -0.265408 -0.898962 -0.041567 0.975652 -0.215348 94.016411 0.262717 0.218622 0.939779 -5.588672 0.000000 0.000000 0.000000 1.000000
0.967048 -0.016514 -0.254057 -1.799583 -0.039049 0.976466 -0.212107 94.093468 0.251581 0.215039 0.943645 -5.834132 0.000000 0.000000 0.000000 1.000000
0.969716 -0.016509 -0.243678 -2.746106 -0.035699 0.977417 -0.208282 94.177216 0.241613 0.210674 0.947227 -6.098631 0.000000 0.000000 0.000000 1.000000
0.972013 -0.017714 -0.234258 -3.712250 -0.031578 0.978253 -0.204998 94.249191 0.232795 0.206658 0.950315 -6.366711 0.000000 0.000000 0.000000 1.000000
0.973941 -0.020053 -0.225911 -4.663037 -0.026935 0.978807 -0.203005 94.315010 0.225194 0.203800 0.952761 -6.620602 0.000000 0.000000 0.000000 1.000000
0.975393 -0.023004 -0.219270 -5.576286 -0.022259 0.979186 -0.201741 94.391365 0.219347 0.201658 0.954579 -6.849418 0.000000 0.000000 0.000000 1.000000
0.976242 -0.025905 -0.215131 -6.447008 -0.017980 0.979720 -0.199562 94.487106 0.215938 0.198689 0.955978 -7.048334 0.000000 0.000000 0.000000 1.000000
0.976423 -0.028486 -0.213976 -7.270575 -0.014254 0.980582 -0.195589 94.601105 0.215393 0.194028 0.957058 -7.213083 0.000000 0.000000 0.000000 1.000000
0.976060 -0.031048 -0.215273 -8.028434 -0.010856 0.981571 -0.190790 94.729713 0.217229 0.188560 0.957735 -7.337573 0.000000 0.000000 0.000000 1.000000
0.975587 -0.034504 -0.216888 -8.691569 -0.006753 0.982401 -0.186664 94.867172 0.219511 0.183572 0.958184 -7.416959 0.000000 0.000000 0.000000 1.000000
0.975331 -0.039519 -0.217183 -9.242671 -0.001054 0.983000 -0.183602 95.006630 0.220747 0.179302 0.958708 -7.455326 0.000000 0.000000 0.000000 1.000000
0.974878 -0.044882 -0.218170 -9.702212 0.004885 0.983561 -0.180510 95.145462 0.222685 0.174910 0.959071 -7.469924 0.000000 0.000000 0.000000 1.000000
0.973537 -0.048276 -0.223370 -10.107068 0.008431 0.984354 -0.175999 95.285690 0.228372 0.169458 0.958713 -7.475974 0.000000 0.000000 0.000000 1.000000
0.971249 -0.049412 -0.232882 -10.458426 0.009155 0.985252 -0.170865 95.439796 0.237890 0.163821 0.957377 -7.469794 0.000000 0.000000 0.000000 1.000000
0.968440 -0.050574 -0.244061 -10.715446 0.009099 0.985719 -0.168155 95.608383 0.249079 0.160627 0.955070 -7.434177 0.000000 0.000000 0.000000 1.000000
0.965333 -0.053817 -0.255412 -10.842970 0.010022 0.985435 -0.169759 95.785988 0.260828 0.161314 0.951812 -7.360387 0.000000 0.000000 0.000000 1.000000
0.961918 -0.058992 -0.266897 -10.835949 0.012120 0.984678 -0.173958 95.965851 0.273070 0.164099 0.947895 -7.239373 0.000000 0.000000 0.000000 1.000000
0.958512 -0.064406 -0.277679 -10.707267 0.014858 0.984105 -0.176966 96.138565 0.284663 0.165498 0.944234 -7.060148 0.000000 0.000000 0.000000 1.000000
0.955628 -0.068594 -0.286479 -10.468740 0.017825 0.984194 -0.176195 96.296074 0.294037 0.163270 0.941746 -6.824226 0.000000 0.000000 0.000000 1.000000
0.953053 -0.071203 -0.294312 -10.131905 0.020423 0.984862 -0.172135 96.437950 0.302113 0.158043 0.940080 -6.546182 0.000000 0.000000 0.000000 1.000000
0.949871 -0.072650 -0.304083 -9.715322 0.021631 0.985567 -0.167899 96.563004 0.311892 0.152905 0.937733 -6.241813 0.000000 0.000000 0.000000 1.000000
0.945574 -0.073551 -0.316985 -9.232512 0.020888 0.985831 -0.166434 96.659439 0.324735 0.150755 0.933713 -5.916892 0.000000 0.000000 0.000000 1.000000
0.940514 -0.074234 -0.331546 -8.685481 0.018790 0.985710 -0.167401 96.727020 0.339235 0.151214 0.928469 -5.567922 0.000000 0.000000 0.000000 1.000000
0.935295 -0.074451 -0.345948 -8.068961 0.016319 0.985652 -0.168001 96.771820 0.353492 0.151485 0.923090 -5.183229 0.000000 0.000000 0.000000 1.000000
0.930181 -0.073811 -0.359605 -7.388742 0.013758 0.985899 -0.166773 96.801498 0.366844 0.150182 0.918080 -4.755968 0.000000 0.000000 0.000000 1.000000
0.925249 -0.072303 -0.372406 -6.666026 0.010779 0.986283 -0.164709 96.820274 0.379207 0.148383 0.913337 -4.294450 0.000000 0.000000 0.000000 1.000000
0.920779 -0.070294 -0.383698 -5.923442 0.007302 0.986563 -0.163217 96.832619 0.390016 0.147485 0.908920 -3.816999 0.000000 0.000000 0.000000 1.000000
0.917238 -0.068224 -0.392453 -5.172566 0.003765 0.986665 -0.162723 96.853027 0.398321 0.147778 0.905263 -3.341448 0.000000 0.000000 0.000000 1.000000
0.914976 -0.066213 -0.398038 -4.424610 0.000435 0.986606 -0.163121 96.895912 0.403507 0.149079 0.902750 -2.884813 0.000000 0.000000 0.000000 1.000000
0.914042 -0.064025 -0.400535 -3.704895 -0.002856 0.986423 -0.164197 96.957024 0.405610 0.151227 0.901449 -2.465918 0.000000 0.000000 0.000000 1.000000
0.914324 -0.061639 -0.400265 -3.039714 -0.006244 0.986086 -0.166116 97.017937 0.404935 0.154383 0.901218 -2.096467 0.000000 0.000000 0.000000 1.000000
0.916093 -0.059730 -0.396492 -2.432258 -0.009236 0.985437 -0.169791 97.065529 0.400859 0.159207 0.902200 -1.769051 0.000000 0.000000 0.000000 1.000000
0.920254 -0.058702 -0.386893 -1.859336 -0.010791 0.984502 -0.175044 97.107208 0.391172 0.165259 0.905358 -1.461556 0.000000 0.000000 0.000000 1.000000
0.927075 -0.057519 -0.370437 -1.306050 -0.010593 0.983744 -0.179262 97.148895 0.374726 0.170113 0.911396 -1.162294 0.000000 0.000000 0.000000 1.000000
0.934761 -0.054932 -0.351005 -0.807033 -0.010026 0.983503 -0.180616 97.184837 0.355136 0.172352 0.918789 -0.897956 0.000000 0.000000 0.000000 1.000000
0.940868 -0.051143 -0.334892 -0.422074 -0.010905 0.983455 -0.180825 97.205894 0.338599 0.173785 0.924743 -0.710316 0.000000 0.000000 0.000000 1.000000
0.945091 -0.047619 -0.323319 -0.157419 -0.012662 0.983249 -0.181827 97.219727 0.326561 0.175937 0.928657 -0.593076 0.000000 0.000000 0.000000 1.000000
0.948165 -0.044469 -0.314650 0.025252 -0.014688 0.982969 -0.183183 97.228905 0.317438 0.178309 0.931364 -0.518399 0.000000 0.000000 0.000000 1.000000
0.950292 -0.041308 -0.308607 0.130018 -0.017099 0.982741 -0.184194 97.231918 0.310889 0.180315 0.933185 -0.474491 0.000000 0.000000 0.000000 1.000000
0.951842 -0.038193 -0.304199 0.165914 -0.019508 0.982655 -0.184416 97.243393 0.305967 0.181469 0.934587 -0.443871 0.000000 0.000000 0.000000 1.000000</float_array><technique_common><accessor source="#Hips-Matrix-animation-output-transform-array" count="139" stride="16"><param type="float4x4"/></accessor></technique_common></source><source id="Hips-Interpolations"><Name_array id="Hips-Interpolations-array" count="139">
 LINEAR LINEAR LINEAR LINEAR LINEAR LINEAR LINEAR LINEAR LINEAR LINEAR LINEAR
LINEAR LINEAR LINEAR LINEAR LINEAR LINEAR LINEAR LINEAR LINEAR LINEAR LINEAR LINEAR
LINEAR LINEAR LINEAR LINEAR LINEAR LINEAR LINEAR LINEAR LINEAR LINEAR LINEAR LINEAR
LINEAR LINEAR LINEAR LINEAR LINEAR LINEAR LINEAR LINEAR LINEAR LINEAR LINEAR LINEAR
LINEAR LINEAR LINEAR LINEAR LINEAR LINEAR LINEAR LINEAR LINEAR LINEAR LINEAR LINEAR
LINEAR LINEAR LINEAR LINEAR LINEAR LINEAR LINEAR LINEAR LINEAR LINEAR LINEAR LINEAR
LINEAR LINEAR LINEAR LINEAR LINEAR LINEAR LINEAR LINEAR LINEAR LINEAR LINEAR LINEAR
LINEAR LINEAR LINEAR LINEAR LINEAR LINEAR LINEAR LINEAR LINEAR LINEAR LINEAR LINEAR
LINEAR LINEAR LINEAR LINEAR LINEAR LINEAR LINEAR LINEAR LINEAR LINEAR LINEAR LINEAR
LINEAR LINEAR LINEAR LINEAR LINEAR LINEAR LINEAR LINEAR LINEAR LINEAR LINEAR LINEAR
LINEAR LINEAR LINEAR LINEAR LINEAR LINEAR LINEAR LINEAR LINEAR LINEAR LINEAR LINEAR
LINEAR LINEAR LINEAR LINEAR LINEAR LINEAR LINEAR LINEAR</Name_array><technique_common><accessor source="#Hips-Interpolations-array" count="139"><param type="name"/></accessor></technique_common></source><sampler id="Hips-Matrix-animation-transform"><input semantic="INPUT" source="#Hips-Matrix-animation-input"/><input semantic="OUTPUT" source="#Hips-Matrix-animation-output-transform"/><input semantic="INTERPOLATION" source="#Hips-Interpolations"/></sampler><channel source="#Hips-Matrix-animation-transform" target="Hips/matrix"/></animation>
    <animation id="Spine-anim" name="Spine"><source id="Spine-Matrix-animation-input"><float_array id="Spine-Matrix-animation-input-array" count="139">

0.000000 0.033333 0.066667 0.100000 0.133333 0.166667 0.200000 0.233333 0.266667 0.300000 0.333333 0.366667 0.400000 0.433333 0.466667 0.500000
0.533333 0.566667 0.600000 0.633333 0.666667 0.700000 0.733333 0.766667 0.800000 0.833333 0.866667 0.900000 0.933333 0.966667 1.000000 1.033333
1.066667 1.100000 1.133333 1.166667 1.200000 1.233333 1.266667 1.300000 1.333333 1.366667 1.400000 1.433333 1.466667 1.500000 1.533333 1.566667
1.600000 1.633333 1.666667 1.700000 1.733333 1.766667 1.800000 1.833333 1.866667 1.900000 1.933333 1.966667 2.000000 2.033333 2.066667 2.100000
2.133333 2.166667 2.200000 2.233333 2.266667 2.300000 2.333333 2.366667 2.400000 2.433333 2.466667 2.500000 2.533333 2.566667 2.600000 2.633333
2.666667 2.700000 2.733333 2.766667 2.800000 2.833333 2.866667 2.900000 2.933333 2.966667 3.000000 3.033333 3.066667 3.100000 3.133333 3.166667
3.200000 3.233333 3.266667 3.300000 3.333333 3.366667 3.400000 3.433333 3.466667 3.500000 3.533333 3.566667 3.600000 3.633333 3.666667 3.700000
3.733333 3.766667 3.800000 3.833333 3.866667 3.900000 3.933333 3.966667 4.000000 4.033333 4.066667 4.100000 4.133333 4.166667 4.200000 4.233333
4.266667 4.300000 4.333333 4.366667 4.400000 4.433333 4.466667 4.500000 4.533333 4.566667 4.600000</float_array><technique_common><accessor source="#Spine-Matrix-animation-input-array" count="139"><param name="TIME" type="float"/></accessor></technique_common></source><source id="Spine-Matrix-animation-output-transform"><float_array id="Spine-Matrix-animation-output-transform-array" count="2224">

0.999556 0.005757 -0.029223 -0.023100 -0.009233 0.992701 -0.120246 13.157000 0.028317 0.120462 0.992314 0.957400 0.000000 0.000000 0.000000 1.000000
0.999629 0.007408 -0.026192 -0.023100 -0.010499 0.992730 -0.119905 13.157000 0.025114 0.120136 0.992440 0.957400 0.000000 0.000000 0.000000 1.000000
0.999682 0.010134 -0.023074 -0.023100 -0.012773 0.993015 -0.117296 13.157000 0.021724 0.117554 0.992829 0.957400 0.000000 0.000000 0.000000 1.000000
0.999702 0.013670 -0.020227 -0.023100 -0.015857 0.993553 -0.112256 13.157000 0.018562 0.112543 0.993473 0.957400 0.000000 0.000000 0.000000 1.000000
0.999694 0.016832 -0.018119 -0.023100 -0.018643 0.994305 -0.104925 13.157000 0.016250 0.105231 0.994315 0.957400 0.000000 0.000000 0.000000 1.000000
0.999686 0.018417 -0.017008 -0.023100 -0.020001 0.994963 -0.098223 13.157000 0.015113 0.098532 0.995019 0.957400 0.000000 0.000000 0.000000 1.000000
0.999681 0.018123 -0.017568 -0.023100 -0.019722 0.995223 -0.095611 13.157000 0.015751 0.095927 0.995264 0.957400 0.000000 0.000000 0.000000 1.000000
0.999701 0.014105 -0.019982 -0.023100 -0.016028 0.994898 -0.099602 13.157000 0.018475 0.099892 0.994827 0.957400 0.000000 0.000000 0.000000 1.000000
0.999712 0.006426 -0.023129 -0.023100 -0.008954 0.993791 -0.110904 13.157000 0.022272 0.111079 0.993562 0.957400 0.000000 0.000000 0.000000 1.000000
0.999662 -0.000712 -0.025996 -0.023100 -0.002640 0.991682 -0.128689 13.157000 0.025871 0.128714 0.991344 0.957400 0.000000 0.000000 0.000000 1.000000
0.999556 -0.003978 -0.029518 -0.023100 -0.000511 0.988607 -0.150516 13.157000 0.029780 0.150464 0.988167 0.957400 0.000000 0.000000 0.000000 1.000000
0.999382 -0.003467 -0.034967 -0.023100 -0.002600 0.985099 -0.171970 13.157000 0.035043 0.171955 0.984481 0.957400 0.000000 0.000000 0.000000 1.000000
0.999151 -0.000779 -0.041192 -0.023100 -0.006991 0.982118 -0.188136 13.157000 0.040602 0.188265 0.981279 0.957400 0.000000 0.000000 0.000000 1.000000
0.998965 0.002694 -0.045400 -0.023100 -0.011592 0.980355 -0.196901 13.157000 0.043978 0.197223 0.979372 0.957400 0.000000 0.000000 0.000000 1.000000
0.998918 0.006011 -0.046108 -0.023100 -0.015146 0.979593 -0.200418 13.157000 0.043963 0.200900 0.978625 0.957400 0.000000 0.000000 0.000000 1.000000
0.999028 0.008181 -0.043318 -0.023100 -0.016780 0.979228 -0.202068 13.157000 0.040765 0.202598 0.978413 0.957400 0.000000 0.000000 0.000000 1.000000
0.999275 0.008515 -0.037104 -0.023100 -0.015822 0.979394 -0.201337 13.157000 0.034625 0.201778 0.978819 0.957400 0.000000 0.000000 0.000000 1.000000
0.999572 0.007567 -0.028268 -0.023100 -0.012879 0.981162 -0.192755 13.157000 0.026277 0.193037 0.980840 0.957400 0.000000 0.000000 0.000000 1.000000
0.999800 0.006226 -0.019003 -0.023100 -0.009395 0.985134 -0.171528 13.157000 0.017652 0.171672 0.984996 0.957400 0.000000 0.000000 0.000000 1.000000
0.999925 0.004477 -0.011366 -0.023100 -0.006023 0.990146 -0.139906 13.157000 0.010628 0.139964 0.990100 0.957400 0.000000 0.000000 0.000000 1.000000
0.999981 0.002155 -0.005773 -0.023100 -0.002757 0.994325 -0.106354 13.157000 0.005511 0.106368 0.994312 0.957400 0.000000 0.000000 0.000000 1.000000
0.999997 -0.000844 -0.002248 -0.023100 0.000665 0.996923 -0.078384 13.157000 0.002308 0.078382 0.996921 0.957400 0.000000 0.000000 0.000000 1.000000
0.999991 -0.004171 -0.000914 -0.023100 0.004112 0.998349 -0.057289 13.157000 0.001151 0.057285 0.998357 0.957400 0.000000 0.000000 0.000000 1.000000
0.999979 -0.006422 -0.000521 -0.023100 0.006396 0.999204 -0.039381 13.157000 0.000774 0.039377 0.999224 0.957400 0.000000 0.000000 0.000000 1.000000
0.999961 -0.008859 -0.000281 -0.023100 0.008852 0.999744 -0.020836 13.157000 0.000465 0.020833 0.999783 0.957400 0.000000 0.000000 0.000000 1.000000
0.999948 -0.010105 -0.001345 -0.023100 0.010104 0.999948 -0.001033 13.157000 0.001355 0.001020 0.999999 0.957400 0.000000 0.000000 0.000000 1.000000
0.999939 -0.009966 -0.004766 -0.023100 0.010050 0.999787 0.018029 13.157000 0.004586 -0.018076 0.999826 0.957400 0.000000 0.000000 0.000000 1.000000
0.999931 -0.007539 -0.009030 -0.023100 0.007844 0.999384 0.034212 13.157000 0.008767 -0.034280 0.999374 0.957400 0.000000 0.000000 0.000000 1.000000
0.999933 -0.002331 -0.011308 -0.023100 0.002856 0.998909 0.046603 13.157000 0.011187 -0.046632 0.998849 0.957400 0.000000 0.000000 0.000000 1.000000
0.999944 0.003118 -0.010148 -0.023100 -0.002551 0.998457 0.055469 13.157000 0.010305 -0.055440 0.998409 0.957400 0.000000 0.000000 0.000000 1.000000
0.999952 0.007369 -0.006420 -0.023100 -0.006958 0.998057 0.061926 13.157000 0.006864 -0.061878 0.998060 0.957400 0.000000 0.000000 0.000000 1.000000
0.999944 0.010479 -0.001678 -0.023100 -0.010343 0.997688 0.067162 13.157000 0.002378 -0.067141 0.997741 0.957400 0.000000 0.000000 0.000000 1.000000
0.999904 0.013600 0.002746 -0.023100 -0.013761 0.997369 0.071178 13.157000 -0.001771 -0.071209 0.997460 0.957400 0.000000 0.000000 0.000000 1.000000
0.999846 0.016448 0.006113 -0.023100 -0.016849 0.997210 0.072725 13.157000 -0.004900 -0.072817 0.997333 0.957400 0.000000 0.000000 0.000000 1.000000
0.999800 0.018015 0.008734 -0.023100 -0.018589 0.997319 0.070770 13.157000 -0.007436 -0.070918 0.997454 0.957400 0.000000 0.000000 0.000000 1.000000
0.999769 0.018135 0.011521 -0.023100 -0.018844 0.997719 0.064815 13.157000 -0.010320 -0.065017 0.997831 0.957400 0.000000 0.000000 0.000000 1.000000
0.999743 0.017152 0.014851 -0.023100 -0.017920 0.998420 0.053256 13.157000 -0.013914 -0.053508 0.998470 0.957400 0.000000 0.000000 0.000000 1.000000
0.999631 0.020649 0.017623 -0.023100 -0.021227 0.999222 0.033245 13.157000 -0.016922 -0.033607 0.999292 0.957400 0.000000 0.000000 0.000000 1.000000
0.999448 0.026553 0.019941 -0.023100 -0.026627 0.999639 0.003465 13.157000 -0.019842 -0.003994 0.999795 0.957400 0.000000 0.000000 0.000000 1.000000
0.999261 0.031695 0.021729 -0.023100 -0.030955 0.998957 -0.033581 13.157000 -0.022771 0.032883 0.999200 0.957400 0.000000 0.000000 0.000000 1.000000
0.999161 0.034564 0.021989 -0.023100 -0.032903 0.996873 -0.071849 13.157000 -0.024404 0.071065 0.997173 0.957400 0.000000 0.000000 0.000000 1.000000
0.999150 0.035990 0.020087 -0.023100 -0.033693 0.993914 -0.104875 13.157000 -0.023739 0.104109 0.994283 0.957400 0.000000 0.000000 0.000000 1.000000
0.999107 0.039231 0.015673 -0.023100 -0.036864 0.990811 -0.130132 13.157000 -0.020634 0.129438 0.991373 0.957400 0.000000 0.000000 0.000000 1.000000
0.999052 0.042453 0.009634 -0.023100 -0.040529 0.987837 -0.150118 13.157000 -0.015890 0.149585 0.988621 0.957400 0.000000 0.000000 0.000000 1.000000
0.999115 0.042029 0.001907 -0.023100 -0.041107 0.984830 -0.168580 13.157000 -0.008963 0.168352 0.985686 0.957400 0.000000 0.000000 0.000000 1.000000
0.999255 0.038095 -0.006252 -0.023100 -0.038592 0.981691 -0.186532 13.157000 -0.000969 0.186634 0.982429 0.957400 0.000000 0.000000 0.000000 1.000000
0.999280 0.035975 -0.012018 -0.023100 -0.037668 0.978397 -0.203276 13.157000 0.004446 0.203582 0.979048 0.957400 0.000000 0.000000 0.000000 1.000000
0.999177 0.037671 -0.015036 -0.023100 -0.040055 0.974783 -0.219530 13.157000 0.006387 0.219952 0.975490 0.957400 0.000000 0.000000 0.000000 1.000000
0.999071 0.039903 -0.016262 -0.023100 -0.042621 0.970654 -0.236674 13.157000 0.006341 0.237147 0.971453 0.957400 0.000000 0.000000 0.000000 1.000000
0.999117 0.038278 -0.017317 -0.023100 -0.041420 0.966452 -0.253486 13.157000 0.007033 0.253979 0.967184 0.957400 0.000000 0.000000 0.000000 1.000000
0.999255 0.033569 -0.019067 -0.023100 -0.037436 0.963215 -0.266112 13.157000 0.009432 0.266627 0.963754 0.957400 0.000000 0.000000 0.000000 1.000000
0.999347 0.029569 -0.020747 -0.023100 -0.034099 0.961764 -0.271750 13.157000 0.011918 0.272280 0.962144 0.957400 0.000000 0.000000 0.000000 1.000000
0.999381 0.027911 -0.021429 -0.023100 -0.032685 0.961888 -0.271482 13.157000 0.013034 0.272014 0.962205 0.957400 0.000000 0.000000 0.000000 1.000000
0.999387 0.028334 -0.020572 -0.023100 -0.032830 0.962522 -0.269210 13.157000 0.012173 0.269720 0.962862 0.957400 0.000000 0.000000 0.000000 1.000000
0.999399 0.029381 -0.018411 -0.023100 -0.033245 0.962801 -0.268158 13.157000 0.009847 0.268608 0.963199 0.957400 0.000000 0.000000 0.000000 1.000000
0.999443 0.029246 -0.016068 -0.023100 -0.032490 0.962703 -0.268602 13.157000 0.007613 0.268975 0.963117 0.957400 0.000000 0.000000 0.000000 1.000000
0.999514 0.027596 -0.014501 -0.023100 -0.030480 0.962713 -0.268801 13.157000 0.006543 0.269113 0.963087 0.957400 0.000000 0.000000 0.000000 1.000000
0.999577 0.025596 -0.013827 -0.023100 -0.028363 0.963158 -0.267436 13.157000 0.006472 0.267715 0.963476 0.957400 0.000000 0.000000 0.000000 1.000000
0.999605 0.024542 -0.013691 -0.023100 -0.027292 0.963935 -0.264734 13.157000 0.006700 0.265003 0.964224 0.957400 0.000000 0.000000 0.000000 1.000000
0.999589 0.024999 -0.014002 -0.023100 -0.027793 0.964747 -0.261708 13.157000 0.006966 0.261990 0.965046 0.957400 0.000000 0.000000 0.000000 1.000000
0.999528 0.026911 -0.014816 -0.023100 -0.029833 0.965391 -0.259096 13.157000 0.007331 0.259416 0.965738 0.957400 0.000000 0.000000 0.000000 1.000000
0.999439 0.029294 -0.016234 -0.023100 -0.032486 0.965836 -0.257110 13.157000 0.008147 0.257493 0.966246 0.957400 0.000000 0.000000 0.000000 1.000000
0.999332 0.031827 -0.017972 -0.023100 -0.035367 0.966115 -0.255677 13.157000 0.009225 0.256141 0.966595 0.957400 0.000000 0.000000 0.000000 1.000000
0.999200 0.034626 -0.020012 -0.023100 -0.038582 0.966334 -0.254381 13.157000 0.010530 0.254949 0.966897 0.957400 0.000000 0.000000 0.000000 1.000000
0.999023 0.038105 -0.022403 -0.023100 -0.042531 0.966708 -0.252321 13.157000 0.012042 0.253027 0.967384 0.957400 0.000000 0.000000 0.000000 1.000000
0.998802 0.041861 -0.025344 -0.023100 -0.046857 0.967462 -0.248640 13.157000 0.014111 0.249530 0.968264 0.957400 0.000000 0.000000 0.000000 1.000000
0.998573 0.045014 -0.028734 -0.023100 -0.050666 0.968618 -0.243334 13.157000 0.016879 0.244442 0.969517 0.957400 0.000000 0.000000 0.000000 1.000000
0.998370 0.047504 -0.031642 -0.023100 -0.053673 0.969940 -0.237352 13.157000 0.019415 0.238663 0.970908 0.957400 0.000000 0.000000 0.000000 1.000000
0.998216 0.049701 -0.033091 -0.023100 -0.056041 0.971114 -0.231941 13.157000 0.020608 0.233381 0.972167 0.957400 0.000000 0.000000 0.000000 1.000000
0.998124 0.051412 -0.033245 -0.023100 -0.057652 0.972023 -0.227699 13.157000 0.020608 0.229188 0.973164 0.957400 0.000000 0.000000 0.000000 1.000000
0.998076 0.052301 -0.033291 -0.023100 -0.058455 0.972782 -0.224229 13.157000 0.020658 0.225743 0.973968 0.957400 0.000000 0.000000 0.000000 1.000000
0.998025 0.052607 -0.034332 -0.023100 -0.058908 0.973577 -0.220629 13.157000 0.021818 0.222216 0.974753 0.957400 0.000000 0.000000 0.000000 1.000000
0.997927 0.052970 -0.036549 -0.023100 -0.059653 0.974462 -0.216484 13.157000 0.024148 0.218215 0.975602 0.957400 0.000000 0.000000 0.000000 1.000000
0.997799 0.053384 -0.039330 -0.023100 -0.060551 0.975321 -0.212326 13.157000 0.027025 0.214240 0.976407 0.957400 0.000000 0.000000 0.000000 1.000000
0.997707 0.053081 -0.041998 -0.023100 -0.060723 0.976048 -0.208909 13.157000 0.029903 0.210980 0.977033 0.957400 0.000000 0.000000 0.000000 1.000000
0.997673 0.051829 -0.044292 -0.023100 -0.059889 0.976697 -0.206098 13.157000 0.032578 0.208271 0.977528 0.957400 0.000000 0.000000 0.000000 1.000000
0.997658 0.050444 -0.046205 -0.023100 -0.058821 0.977415 -0.202978 13.157000 0.034922 0.205220 0.978093 0.957400 0.000000 0.000000 0.000000 1.000000
0.997618 0.049714 -0.047822 -0.023100 -0.058295 0.978234 -0.199147 13.157000 0.036881 0.201461 0.978802 0.957400 0.000000 0.000000 0.000000 1.000000
0.997557 0.049477 -0.049309 -0.023100 -0.058214 0.978997 -0.195385 13.157000 0.038606 0.197778 0.979486 0.957400 0.000000 0.000000 0.000000 1.000000
0.997521 0.048973 -0.050527 -0.023100 -0.057855 0.979535 -0.192779 13.157000 0.040052 0.195224 0.979940 0.957400 0.000000 0.000000 0.000000 1.000000
0.997564 0.047669 -0.050923 -0.023100 -0.056603 0.979837 -0.191614 13.157000 0.040762 0.194030 0.980148 0.957400 0.000000 0.000000 0.000000 1.000000
0.997714 0.045617 -0.049855 -0.023100 -0.054369 0.980017 -0.191341 13.157000 0.040130 0.193614 0.980257 0.957400 0.000000 0.000000 0.000000 1.000000
0.997945 0.043388 -0.047148 -0.023100 -0.051655 0.980164 -0.191339 13.157000 0.037911 0.193382 0.980391 0.957400 0.000000 0.000000 0.000000 1.000000
0.998201 0.041449 -0.043316 -0.023100 -0.049014 0.980270 -0.191489 13.157000 0.034524 0.193268 0.980538 0.957400 0.000000 0.000000 0.000000 1.000000
0.998449 0.039720 -0.039002 -0.023100 -0.046501 0.980269 -0.192121 13.157000 0.030601 0.193637 0.980596 0.957400 0.000000 0.000000 0.000000 1.000000
0.998689 0.037691 -0.034643 -0.023100 -0.043703 0.980124 -0.193514 13.157000 0.026661 0.194775 0.980486 0.957400 0.000000 0.000000 0.000000 1.000000
0.998924 0.034720 -0.030752 -0.023100 -0.040076 0.979898 -0.195433 13.157000 0.023349 0.196455 0.980235 0.957400 0.000000 0.000000 0.000000 1.000000
0.999143 0.030640 -0.027829 -0.023100 -0.035537 0.979718 -0.197207 13.157000 0.021222 0.198026 0.979967 0.957400 0.000000 0.000000 0.000000 1.000000
0.999326 0.026330 -0.025570 -0.023100 -0.030885 0.979652 -0.198315 13.157000 0.019828 0.198971 0.979805 0.957400 0.000000 0.000000 0.000000 1.000000
